日期,股票代码,名称,收盘价,最高价,最低价,开盘价,前收盘,涨跌额,涨跌幅,换手率,成交量,成交金额,总市值,流通市值,成交笔数
2016-01-08,'000005,世纪星源,8.3,8.7,7.44,8.61,8.27,0.03,0.3628,3.5423,32367525,268538141.55,8785855788.6,7584066958.1,24332
2016-01-07,'000005,世纪星源,8.27,9.04,8.26,9.04,9.18,-0.91,-9.9129,0.9418,8605776,74441766.52,8754099683.34,7556654667.89,5940
2016-01-06,'000005,世纪星源,9.18,9.18,8.92,8.92,8.9,0.28,3.1461,3.142,28710071,261121000.56,9717368209.56,8388160804.26,21524
2016-01-05,'000005,世纪星源,8.9,9.22,8.16,8.16,9.04,-0.14,-1.5487,5.1634,47180448,414963832.57,9420977893.8,8132312762.3,33063
2016-01-04,'000005,世纪星源,9.04,10.0,9.04,10.0,10.04,-1.0,-9.9602,3.5394,32340643,302240974.35,9569173051.68,8260236783.28,28781
2015-12-31,'000005,世纪星源,10.04,10.24,10.03,10.19,10.18,-0.14,-1.3752,2.2157,20246248,205015137.69,10627709893.7,9173979790.28,15615
2015-12-30,'000005,世纪星源,10.18,10.3,10.03,10.22,10.29,-0.11,-1.069,3.5146,32114157,326205331.42,10775905051.6,9301903811.26,22373
2015-12-29,'000005,世纪星源,10.29,10.39,10.0,10.07,10.03,0.26,2.5922,3.6421,33279303,338190597.41,9408492816.03,9402415542.03,24623
2015-12-28,'000005,世纪星源,10.03,10.48,10.0,10.34,10.37,-0.34,-3.2787,4.0531,37034893,379769706.68,9170766078.21,9164842360.21,29084
2015-12-25,'000005,世纪星源,10.37,10.5,10.2,10.34,10.35,0.02,0.1932,3.895,35590073,367738206.75,9481639504.59,9475514982.59,24869
2015-12-24,'000005,世纪星源,10.35,10.48,9.9,10.3,10.3,0.05,0.4854,4.8203,44044764,447682412.04,9463352832.45,9457240122.45,36150
2015-12-23,'000005,世纪星源,10.3,10.64,10.2,10.55,10.7,-0.4,-3.7383,6.019,54997857,573731614.77,9417636152.1,9411552972.1,46249
2015-12-22,'000005,世纪星源,10.7,11.09,10.23,10.42,10.42,0.28,2.6871,9.7902,89457333,960906504.9,9783369594.9,9777050174.9,72233
2015-12-21,'000005,世纪星源,10.42,10.71,10.28,10.5,10.65,-0.23,-2.1596,7.2958,66664676,693784971.26,9527356184.94,9521202132.94,52530
2015-12-18,'000005,世纪星源,10.65,11.1,10.39,11.1,10.11,0.54,5.3412,16.825,153737549,1646735553.03,9737652914.55,9731363024.55,116457
2015-12-17,'000005,世纪星源,10.11,10.11,9.25,9.25,9.19,0.92,10.0109,3.7713,34459931,341277200.08,9243912766.77,9237941800.77,20709
2015-12-16,'000005,世纪星源,9.19,9.33,9.16,9.25,9.24,-0.05,-0.5411,2.3053,21064127,194544193.38,8402725848.33,8397298234.33,16267
2015-12-15,'000005,世纪星源,9.24,9.38,9.15,9.21,9.11,0.13,1.427,2.3518,21489153,199071346.18,8448442528.68,8442985384.68,17520
2015-12-14,'000005,世纪星源,9.11,9.15,8.75,8.9,8.95,0.16,1.7877,2.8471,26015315,234107988.78,8329579159.77,8324198793.77,18099
2015-12-11,'000005,世纪星源,8.95,9.29,8.9,9.29,9.35,-0.4,-4.2781,2.961,27056189,244322673.3,8183285782.65,8177999912.65,25693
2015-12-10,'000005,世纪星源,9.35,9.54,9.21,9.41,9.57,-0.22,-2.2989,3.3536,30643001,286762131.98,8549019225.45,8543497115.45,23755
2015-12-09,'000005,世纪星源,9.57,9.71,9.1,9.16,9.24,0.33,3.5714,5.7991,52989147,501667625.18,8750172618.99,8744520576.99,36138
2015-12-08,'000005,世纪星源,9.24,9.69,9.15,9.69,9.66,-0.42,-4.3478,3.4852,31845710,299362864.47,8448442528.68,8442985384.68,27242
2015-12-07,'000005,世纪星源,9.66,9.82,9.52,9.71,9.66,0.0,0.0,2.6839,24524204,236933927.14,8832462643.62,8826757447.62,18996
2015-12-04,'000005,世纪星源,9.66,9.86,9.55,9.67,9.66,0.0,0.0,4.1079,37535923,364304841.82,8832462643.62,8826757447.62,30071
2015-12-03,'000005,世纪星源,9.66,9.68,9.46,9.58,9.57,0.09,0.9404,3.4003,31069594,297885604.57,8832462643.62,8826757447.62,26200
2015-12-02,'000005,世纪星源,9.57,9.9,9.25,9.51,9.53,0.04,0.4197,4.1648,38055573,363499666.66,8750172618.99,8744520576.99,35336
2015-12-01,'000005,世纪星源,9.53,9.79,9.1,9.26,9.32,0.21,2.2532,4.7208,43135912,406050565.53,8713599274.71,8707970856.71,38441
2015-11-30,'000005,世纪星源,9.32,9.68,8.61,9.52,9.52,-0.2,-2.1008,5.8654,53594431,491134197.01,8521589217.24,8516084825.24,48210
2015-11-27,'000005,世纪星源,9.52,10.45,9.52,10.35,10.58,-1.06,-10.0189,7.7859,71142840,710418853.18,8704455938.64,8698833426.64,71655
2015-11-26,'000005,世纪星源,10.58,11.0,10.48,10.63,10.58,0.0,0.0,7.9862,72973172,784941388.9,9673649562.06,9667401014.06,58798
2015-11-25,'000005,世纪星源,10.58,10.8,10.24,10.35,10.34,0.24,2.3211,6.6259,60543859,637334253.14,9673649562.06,9667401014.06,54002
2015-11-24,'000005,世纪星源,10.34,10.41,10.2,10.28,10.24,0.1,0.9766,3.6672,33508645,345969699.09,9454209496.38,9448102692.38,29183
2015-11-23,'000005,世纪星源,10.24,10.53,10.18,10.37,10.41,-0.17,-1.633,5.2164,47664321,491538982.12,9362776135.68,9356728391.68,45452
2015-11-20,'000005,世纪星源,10.41,10.6,10.31,10.6,10.62,-0.21,-1.9774,6.5156,59535598,621692435.3,9518212848.87,9512064702.87,54454
2015-11-19,'000005,世纪星源,10.62,10.78,10.0,10.54,10.49,0.13,1.2393,7.6819,70192943,729974799.36,9710222906.34,9703950734.34,66593
2015-11-18,'000005,世纪星源,10.49,10.98,10.44,10.6,10.54,-0.05,-0.4744,7.3731,67371221,722760834.72,9591359537.43,9585164143.43,62637
2015-11-17,'000005,世纪星源,10.54,11.1,10.5,10.81,10.77,-0.23,-2.1356,7.9798,72914847,784058746.93,9637076217.78,9630851293.78,69048
2015-11-16,'000005,世纪星源,10.77,10.81,10.43,10.5,10.99,-0.22,-2.0018,7.9507,72648969,773897487.37,9847372947.39,9841012185.39,67086
2015-11-13,'000005,世纪星源,10.99,11.98,10.51,11.0,11.38,-0.39,-3.4271,18.5796,169769951,1904777877.55,10048526340.9,10042035646.9,141840
2015-11-12,'000005,世纪星源,11.38,11.54,10.21,10.5,10.49,0.89,8.4843,19.992,182675298,2013187356.06,10405116447.7,10398395419.7,150207
2015-11-11,'000005,世纪星源,10.49,10.7,10.28,10.4,10.56,-0.07,-0.6629,7.0808,64700599,676604765.66,9591359537.43,9585164143.43,59965
2015-11-10,'000005,世纪星源,10.56,11.0,10.26,10.5,10.61,-0.05,-0.4713,11.8952,108691879,1155773916.89,9655362889.92,9649126153.92,98685
2015-11-09,'000005,世纪星源,10.61,10.8,9.97,9.98,9.95,0.66,6.6332,12.3143,112520855,1172668960.08,9701079570.27,9694813304.27,98514
2015-11-06,'000005,世纪星源,9.95,10.18,9.85,9.85,9.85,0.1,1.0152,6.8984,63033598,629723766.84,9097619389.65,9091742919.65,55909
2015-11-05,'000005,世纪星源,9.85,10.24,9.8,10.05,10.12,-0.27,-2.668,9.269,84694801,842223994.34,9006186028.95,9000368618.95,79598
2015-11-04,'000005,世纪星源,10.12,10.25,9.25,9.4,9.35,0.77,8.2353,10.66,97404578,949781201.22,9253056102.84,9247079230.84,82711
2015-11-03,'000005,世纪星源,9.35,9.65,9.06,9.2,9.19,0.16,1.741,6.8007,62141173,582233091.77,8549019225.45,8543497115.45,57325
2015-11-02,'000005,世纪星源,9.19,9.92,9.19,9.74,10.21,-1.02,-9.9902,10.3125,94229900,899741662.26,8402725848.33,8397298234.33,88960
2015-10-30,'000005,世纪星源,10.21,10.81,10.0,10.6,10.81,-0.6,-5.5504,11.6691,106625451,1102392376.26,9335346127.47,9329316101.47,94934
2015-10-29,'000005,世纪星源,10.81,11.35,10.2,10.46,10.42,0.39,3.7428,13.2813,121357336,1315768311.02,9883946291.67,9877561905.67,100891
2015-10-28,'000005,世纪星源,10.42,11.29,10.2,10.69,10.91,-0.49,-4.4913,11.9752,109422416,1187276051.4,9527356184.94,9521202132.94,93225
2015-10-27,'000005,世纪星源,10.91,11.25,10.25,10.6,11.04,-0.13,-1.1775,14.3425,131053308,1399493491.29,9975379652.37,9968936206.37,107865
2015-10-26,'000005,世纪星源,11.04,12.37,10.88,12.0,11.62,-0.58,-4.9914,24.005,219344136,2517291878.56,10094243021.3,10087722797.3,172653
2015-10-23,'000005,世纪星源,11.62,11.62,10.96,11.0,10.56,1.06,10.0379,15.6317,142833368,1634071891.08,10624556513.3,10617693741.3,74689
2015-10-22,'000005,世纪星源,10.56,10.56,9.55,9.66,9.6,0.96,10.0,17.2795,157890242,1572385706.53,9655362889.92,9649126153.92,80950
2015-10-21,'000005,世纪星源,9.6,10.37,9.4,10.04,10.18,-0.58,-5.6974,19.178,175237413,1756902004.77,8777602627.2,8771932867.2,110974
2015-10-20,'000005,世纪星源,10.18,10.28,9.9,10.11,10.38,-0.2,-1.9268,15.4554,141222439,1423464643.4,9307916119.26,9301903811.26,101206
2015-10-19,'000005,世纪星源,10.38,10.95,10.0,10.77,10.37,0.01,0.0964,28.5859,261201272,2718057947.22,9490782840.66,9484652412.66,174701
2015-10-16,'000005,世纪星源,10.37,10.37,9.85,10.1,9.43,0.94,9.9682,16.5822,151519059,1555349236.39,9481639504.59,9475514982.59,66350
2015-10-15,'000005,世纪星源,9.43,9.43,8.7,8.7,8.57,0.86,10.035,13.166,120303358,1092738198.37,8622165914.01,8616596556.01,61764
2015-10-14,'000005,世纪星源,8.57,8.57,8.2,8.56,7.79,0.78,10.0128,15.4887,141526971,1203802366.37,7835839011.99,7830777569.99,59781
2015-10-13,'000005,世纪星源,7.79,7.79,7.0,7.1,7.08,0.71,10.0282,4.1119,37572075,282190495.68,7122658798.53,7118058024.53,18386
2015-10-12,'000005,世纪星源,7.08,7.17,6.7,6.7,6.75,0.33,4.8889,5.3031,48456793,339540663.24,6473481937.56,6469300489.56,28064
2015-10-09,'000005,世纪星源,6.75,6.86,6.52,6.64,6.62,0.13,1.9637,4.1894,38280132,255944597.57,6171751847.25,6167765297.25,22456
2015-10-08,'000005,世纪星源,6.62,6.66,6.32,6.4,6.18,0.44,7.1197,3.3642,30740473,200813405.4,6052888478.34,6048978706.34,18595
2015-09-30,'000005,世纪星源,6.18,6.28,6.15,6.21,6.15,0.03,0.4878,1.2519,11438981,71006968.57,5650581691.26,5646931783.26,6944
2015-09-29,'000005,世纪星源,6.15,6.34,6.11,6.3,6.42,-0.27,-4.2056,2.1741,19865804,123093097.94,5623151683.05,5619519493.05,12628
2015-09-28,'000005,世纪星源,6.42,6.55,6.22,6.32,6.36,0.06,0.9434,1.5246,13931217,88668030.46,5870021756.94,5866230104.94,9574
2015-09-25,'000005,世纪星源,6.36,6.74,6.3,6.7,6.8,-0.44,-6.4706,3.469,31697690,206078538.82,5815161740.52,5811405524.52,21462
2015-09-24,'000005,世纪星源,6.8,7.14,6.71,6.99,6.8,0.0,0.0,4.8928,44707675,308581691.94,6217468527.6,6213452447.6,23886
2015-09-23,'000005,世纪星源,6.8,7.0,6.52,6.7,6.72,0.08,1.1905,5.6643,51757098,352074099.07,6217468527.6,6213452447.6,31547
2015-09-22,'000005,世纪星源,6.72,6.85,6.52,6.6,6.6,0.12,1.8182,4.8969,44744708,299946905.97,6144321839.04,6140353007.04,27403
2015-09-21,'000005,世纪星源,6.6,6.82,6.16,6.27,6.29,0.31,4.9285,3.95,36093216,234740161.08,6034601806.2,6030703846.2,22259
2015-09-18,'000005,世纪星源,6.29,6.41,6.2,6.3,6.3,-0.01,-0.1587,2.4589,22468338,141768543.58,5751158388.03,5747443514.03,15483
2015-09-17,'000005,世纪星源,6.3,7.09,6.2,6.6,6.63,-0.33,-4.9774,5.5851,51033136,335065044.77,5760301724.1,5756580944.1,36045
2015-09-16,'000005,世纪星源,6.63,6.7,5.93,6.04,6.09,0.54,8.867,4.6425,42420152,265730002.83,6062031814.41,6058116136.41,31081
2015-09-15,'000005,世纪星源,6.09,6.5,6.09,6.21,6.77,-0.68,-10.0443,3.2432,29634772,182896755.37,5568291666.63,5564694912.63,24522
2015-09-14,'000005,世纪星源,6.77,7.42,6.77,7.34,7.52,-0.75,-9.9734,4.6155,42173966,297557621.08,6190038519.39,6186040157.39,38564
2015-09-11,'000005,世纪星源,7.52,7.58,7.1,7.18,7.12,0.4,5.618,7.9983,73083728,541862570.42,6875788724.64,6871347412.64,57527
2015-09-10,'000005,世纪星源,7.12,7.12,7.01,7.12,6.47,0.65,10.0464,2.4894,22746546,161728835.41,6510055281.84,6505850209.84,10796
2015-09-09,'000005,世纪星源,6.47,6.47,6.47,6.47,5.88,0.59,10.034,0.0869,794100,5137827.0,5915738437.29,5911917255.29,480
2015-09-08,'000005,世纪星源,0.0,0.0,0.0,0.0,5.88,None,None,0.0,0,0.0,5376281609.16,5372808881.16,0
2015-09-07,'000005,世纪星源,0.0,0.0,0.0,0.0,5.88,None,None,0.0,0,0.0,5376281609.16,5372808881.16,0
2015-09-02,'000005,世纪星源,0.0,0.0,0.0,0.0,5.88,None,None,0.0,0,0.0,5376281609.16,5372808881.16,0
2015-09-01,'000005,世纪星源,0.0,0.0,0.0,0.0,5.88,None,None,0.0,0,0.0,5376281609.16,5372808881.16,0
2015-08-31,'000005,世纪星源,0.0,0.0,0.0,0.0,5.88,None,None,0.0,0,0.0,5376281609.16,5372808881.16,0
2015-08-28,'000005,世纪星源,0.0,0.0,0.0,0.0,5.88,None,None,0.0,0,0.0,5376281609.16,5372808881.16,0
2015-08-27,'000005,世纪星源,0.0,0.0,0.0,0.0,5.88,None,None,0.0,0,0.0,5376281609.16,5372808881.16,0
2015-08-26,'000005,世纪星源,5.88,6.52,5.68,6.39,6.26,-0.38,-6.0703,4.7797,43673840,268251908.93,5376281609.16,5372808881.16,28882
2015-08-25,'000005,世纪星源,6.26,6.48,6.26,6.26,6.96,-0.7,-10.0575,2.7737,25344350,159526628.03,5723728379.82,5720031223.82,17438
2015-08-24,'000005,世纪星源,6.96,7.38,6.96,7.38,7.73,-0.77,-9.9612,2.98,27229188,191458738.69,6363761904.72,6359651328.72,19584
2015-08-21,'000005,世纪星源,7.73,8.42,7.7,8.2,8.42,-0.69,-8.1948,4.5868,41911571,337029817.53,7067798782.11,7063233444.11,28868
2015-08-20,'000005,世纪星源,8.42,9.05,8.33,8.82,9.09,-0.67,-7.3707,4.9537,45264537,395752582.6,7698688970.94,7693716118.94,32544
2015-08-19,'000005,世纪星源,9.09,9.27,7.86,8.13,8.72,0.37,4.2431,7.8287,71534623,605401199.63,8311292487.63,8305923933.63,50240
2015-08-18,'000005,世纪星源,8.72,10.1,8.72,9.9,9.69,-0.97,-10.0103,12.1249,110790439,1045900745.32,7972989053.04,7967839021.04,77657
2015-08-17,'000005,世纪星源,9.69,9.69,8.76,8.82,8.81,0.88,9.9886,9.6996,88629108,823828480.37,8859892651.83,8854169737.83,58979
2015-08-14,'000005,世纪星源,8.81,9.15,8.71,9.13,8.8,0.01,0.1136,8.3634,76419762,679014076.19,8055279077.67,8050075891.67,46198
2015-08-13,'000005,世纪星源,8.8,8.89,8.28,8.29,8.48,0.32,3.7736,8.4904,77580240,672734890.54,8046135741.6,8040938461.6,44244
2015-08-12,'000005,世纪星源,8.48,8.97,8.21,8.3,8.43,0.05,0.5931,8.2708,75573677,648359236.19,7753548987.36,7748540699.36,48173
2015-08-11,'000005,世纪星源,8.43,8.69,8.17,8.26,8.35,0.08,0.9581,7.9211,72378531,607594911.39,7707832307.01,7702853549.01,48310
2015-08-10,'000005,世纪星源,8.35,8.48,7.88,8.12,8.02,0.33,4.1147,7.7293,70625642,578225314.17,7634685618.45,7629754108.45,50605
2015-08-07,'000005,世纪星源,8.02,8.11,7.87,7.95,7.87,0.15,1.906,5.0041,45724934,366168810.39,7332955528.14,7328218916.14,32528
2015-08-06,'000005,世纪星源,7.87,8.23,7.3,7.5,7.69,0.18,2.3407,5.4712,49992981,394616019.28,7195805487.09,7191157465.09,37840
2015-08-05,'000005,世纪星源,7.69,7.99,7.52,7.61,7.59,0.1,1.3175,6.0342,55137426,427756765.3,7031225437.83,7026683723.83,42020
2015-08-04,'000005,世纪星源,7.59,7.59,6.9,6.9,6.9,0.69,10.0,4.5299,41391623,301473119.44,6939792077.13,6935309423.13,32762
2015-08-03,'000005,世纪星源,6.9,7.47,6.84,7.43,7.58,-0.68,-8.971,3.6603,33445853,236853699.14,6308901888.3,6304826748.3,29790
2015-07-31,'000005,世纪星源,7.58,7.96,7.35,7.71,7.97,-0.39,-4.8934,4.2235,38592045,297390795.12,6930648741.06,6926171993.06,31357
2015-07-30,'000005,世纪星源,7.97,8.59,7.9,8.58,8.35,-0.38,-4.5509,6.9244,63270777,532390442.12,7287238847.79,7282531765.79,49781
2015-07-29,'000005,世纪星源,8.35,8.35,7.5,7.8,7.59,0.76,10.0132,6.722,61421960,483062216.08,7634685618.45,7629754108.45,45503
2015-07-28,'000005,世纪星源,7.59,8.33,7.53,7.53,8.37,-0.78,-9.319,8.2204,75113455,580399434.52,6939792077.13,6935309423.13,63576
2015-07-27,'000005,世纪星源,8.37,9.28,8.37,8.99,9.3,-0.93,-10.0,8.7986,80396389,710701397.53,7652972290.59,7648028968.59,75294
2015-07-24,'000005,世纪星源,9.3,9.6,9.1,9.2,8.73,0.57,6.5292,20.2797,185304498,1730535098.05,8503302545.1,8497809965.1,146863
2015-07-23,'000005,世纪星源,8.73,8.73,8.28,8.5,7.94,0.79,9.9496,10.7585,98304618,845968385.7,7982132389.11,7976976451.11,37008
2015-07-22,'000005,世纪星源,7.94,7.94,7.94,7.94,7.22,0.72,9.9723,0.6244,5705609,45302535.46,7259808839.58,7255119475.58,1511
2015-07-21,'000005,世纪星源,7.22,7.22,7.22,7.22,6.56,0.66,10.061,1.0355,9461617,68312874.74,6601488642.54,6597224510.54,1848
2015-07-20,'000005,世纪星源,6.56,6.56,6.56,6.56,5.96,0.6,10.0671,0.0841,768057,5038453.92,5998028461.92,5994154125.92,532
2015-07-17,'000005,世纪星源,5.96,5.96,5.96,5.96,5.42,0.54,9.9631,0.0512,468219,2790585.24,5449428297.72,5445908321.72,466
2015-07-16,'000005,世纪星源,0.0,0.0,0.0,0.0,5.42,None,None,0.0,0,0.0,4955688149.94,4952487097.94,0
2015-07-15,'000005,世纪星源,0.0,0.0,0.0,0.0,5.42,None,None,0.0,0,0.0,4955688149.94,4952487097.94,0
2015-07-14,'000005,世纪星源,0.0,0.0,0.0,0.0,5.42,None,None,0.0,0,0.0,4955688149.94,4952487097.94,0
2015-07-13,'000005,世纪星源,0.0,0.0,0.0,0.0,5.42,None,None,0.0,0,0.0,4955688149.94,4952487097.94,0
2015-07-10,'000005,世纪星源,0.0,0.0,0.0,0.0,5.42,None,None,0.0,0,0.0,4955688149.94,4952487097.94,0
2015-07-09,'000005,世纪星源,0.0,0.0,0.0,0.0,5.42,None,None,0.0,0,0.0,4955688149.94,4952487097.94,0
2015-07-08,'000005,世纪星源,0.0,0.0,0.0,0.0,5.42,None,None,0.0,0,0.0,4955688149.94,4952487097.94,0
2015-07-07,'000005,世纪星源,5.42,5.73,5.42,5.72,6.02,-0.6,-9.9668,2.5609,23399653,127737260.77,4955688149.94,4952487097.94,11065
2015-07-06,'000005,世纪星源,6.02,7.33,6.02,7.33,6.69,-0.67,-10.0149,7.2668,66399967,433209711.33,5504288314.14,5500732902.14,32240
2015-07-03,'000005,世纪星源,6.69,7.3,6.69,7.0,7.43,-0.74,-9.9596,4.8818,44607191,304204685.21,6116891830.83,6112940716.83,22574
2015-07-02,'000005,世纪星源,7.43,8.15,7.43,8.1,8.26,-0.83,-10.0484,6.1011,55748384,424663568.06,6793498700.01,6789110542.01,28597
2015-07-01,'000005,世纪星源,8.26,9.33,8.26,9.0,9.18,-0.92,-10.0218,5.4389,49697182,442164088.78,7552395593.82,7547517237.82,32029
2015-06-30,'000005,世纪星源,9.18,9.31,8.07,8.58,8.97,0.21,2.3411,6.8481,62574215,540100108.16,8393582512.26,8388160804.26,39326
2015-06-29,'000005,世纪星源,8.97,10.28,8.97,10.28,9.97,-1.0,-10.0301,5.0673,46301865,432993942.6,8201572454.79,8196274772.79,29911
2015-06-26,'000005,世纪星源,9.97,10.79,9.97,10.6,11.08,-1.11,-10.0181,4.064,37134427,382319709.26,9115906061.79,9110017779.79,26249
2015-06-25,'000005,世纪星源,11.08,11.51,10.81,11.06,11.04,0.04,0.3623,5.9977,54803581,613734709.15,10130816365.6,10124272517.6,39303
2015-06-24,'000005,世纪星源,11.04,11.09,10.63,10.98,10.78,0.26,2.4119,4.7431,43339416,472913065.95,10094243021.3,10087722797.3,31130
2015-06-23,'000005,世纪星源,10.78,11.52,10.17,11.2,11.3,-0.52,-4.6018,5.5151,50394282,537221123.67,9856516283.46,9850149615.46,39293
2015-06-19,'000005,世纪星源,11.3,12.38,11.29,11.82,11.78,-0.48,-4.0747,5.2693,48147478,573272817.12,10331969759.1,10325295979.1,41552
2015-06-18,'000005,世纪星源,11.78,12.5,11.76,12.0,12.23,-0.45,-3.6795,5.1177,46762791,564773693.66,10770849890.5,10763892622.5,36757
2015-06-17,'000005,世纪星源,12.23,12.28,11.19,11.97,12.15,0.08,0.6584,6.7496,61674150,719890418.81,11182300013.6,11175076975.6,48236
2015-06-16,'000005,世纪星源,12.15,13.3,12.12,13.07,13.46,-1.31,-9.7325,6.4001,58480865,741859336.57,11109153325.0,11101977535.0,54002
2015-06-15,'000005,世纪星源,13.46,14.17,13.4,14.06,14.04,-0.58,-4.1311,5.501,50264976,690549235.38,12306930350.2,12298980874.2,45417
2015-06-12,'000005,世纪星源,14.04,14.22,13.8,14.15,14.13,-0.09,-0.6369,6.4425,58868323,824595449.89,12837243842.3,12828951818.3,51832
2015-06-11,'000005,世纪星源,14.13,14.3,13.47,13.77,13.82,0.31,2.2431,7.7763,71055641,994652400.66,12919533866.9,12911188688.9,63588
2015-06-10,'000005,世纪星源,13.82,13.95,13.01,13.56,13.56,0.26,1.9174,5.6143,51300346,702379597.16,12636090448.7,12627928356.7,48997
2015-06-09,'000005,世纪星源,13.56,13.96,13.41,13.5,13.31,0.25,1.8783,5.5293,50523514,688940411.1,12398363710.9,12390355174.9,49650
2015-06-08,'000005,世纪星源,13.31,14.0,13.21,14.0,14.01,-0.7,-4.9964,7.8904,72097579,971451893.28,12169780309.2,12161919423.2,75369
2015-06-05,'000005,世纪星源,14.01,14.76,13.71,14.45,14.39,-0.38,-2.6407,8.5182,77834009,1100759429.93,12809813834.1,12801539528.1,77064
2015-06-04,'000005,世纪星源,14.39,14.78,13.0,14.0,14.0,0.39,2.7857,11.7688,107536976,1528700009.93,13157260604.7,13148761870.7,94131
2015-06-03,'000005,世纪星源,14.0,14.35,13.79,14.29,14.28,-0.28,-1.9608,8.4184,76922384,1075643948.19,12800670498.0,12792402098.0,78441
2015-06-02,'000005,世纪星源,14.28,15.08,13.82,14.86,14.85,-0.57,-3.8384,14.1192,129013186,1840631979.72,13056683908.0,13048250140.0,139160
2015-06-01,'000005,世纪星源,14.85,15.49,14.61,15.18,15.82,-0.97,-6.1315,13.7653,125779455,1880635830.34,13577854064.0,13569083654.0,142006
2015-05-29,'000005,世纪星源,15.82,17.06,14.08,16.5,15.6,0.22,1.4103,24.2024,221147477,3420206394.48,14464757662.7,14455414370.7,214675
2015-05-28,'000005,世纪星源,15.6,15.6,14.8,15.2,14.18,1.42,10.0141,10.2454,93616961,1442993209.32,14263604269.2,14254390909.2,66986
2015-05-27,'000005,世纪星源,14.18,14.18,13.2,13.7,12.89,1.29,10.0078,16.1353,147435049,2053972824.1,12965250547.3,12956875839.3,72977
2015-05-26,'000005,世纪星源,12.89,12.89,12.89,12.89,11.72,1.17,9.9829,0.7783,7111674,91669477.86,11785760194.2,11778147360.2,1452
2015-05-25,'000005,世纪星源,11.72,11.72,11.72,11.72,10.65,1.07,10.0469,0.3518,3214951,37679225.72,10715989874.0,10709068042.0,1045
2015-05-22,'000005,世纪星源,10.65,10.65,10.65,10.65,9.68,0.97,10.0207,0.7049,6440549,68591846.85,9737652914.55,9731363024.55,1361
2015-05-21,'000005,世纪星源,9.68,9.68,9.68,9.68,8.8,0.88,10.0,0.2,1827882,17693897.76,8850749315.76,8845032307.76,686
2015-05-20,'000005,世纪星源,8.8,8.8,8.8,8.8,8.0,0.8,10.0,0.1208,1104003,9715226.4,8046135741.6,8040938461.6,617
2015-05-19,'000005,世纪星源,8.0,8.0,8.0,8.0,7.27,0.73,10.0413,0.301,2750202,22001616.0,7314668856.0,7309944056.0,803
2015-05-18,'000005,世纪星源,7.27,7.27,7.27,7.27,6.61,0.66,9.9849,0.1942,1774423,12900055.21,6647205322.89,6642911660.89,782
2015-05-15,'000005,世纪星源,6.61,6.61,6.61,6.61,6.01,0.6,9.9834,0.2282,2084903,13781208.83,6043745142.27,6039841276.27,847
2015-05-14,'000005,世纪星源,6.01,6.01,6.01,6.01,5.46,0.55,10.0733,0.1093,998905,6003419.05,5495144978.07,5491595472.07,454
2015-05-13,'000005,世纪星源,5.46,5.46,5.46,5.46,4.96,0.5,10.0806,0.0751,686171,3746493.66,4992261494.22,4989036818.22,358
2015-05-12,'000005,世纪星源,4.96,4.96,4.96,4.96,4.51,0.45,9.9778,0.0532,485683,2408987.68,4535094690.72,4532165314.72,330
2015-05-11,'000005,世纪星源,4.51,4.51,4.51,4.51,4.1,0.41,10.0,0.068,621512,2803019.12,4123644567.57,4120980961.57,462
2015-05-08,'000005,世纪星源,0.0,0.0,0.0,0.0,4.1,None,None,0.0,0,0.0,3748767788.7,3746346328.7,0
2015-05-07,'000005,世纪星源,0.0,0.0,0.0,0.0,4.1,None,None,0.0,0,0.0,3748767788.7,3746346328.7,0
2015-05-06,'000005,世纪星源,0.0,0.0,0.0,0.0,4.1,None,None,0.0,0,0.0,3748767788.7,3746346328.7,0
2015-05-05,'000005,世纪星源,0.0,0.0,0.0,0.0,4.1,None,None,0.0,0,0.0,3748767788.7,3746346328.7,0
2015-05-04,'000005,世纪星源,0.0,0.0,0.0,0.0,4.1,None,None,0.0,0,0.0,3748767788.7,3746346328.7,0
2015-04-30,'000005,世纪星源,0.0,0.0,0.0,0.0,4.1,None,None,0.0,0,0.0,3748767788.7,3746346328.7,0
2015-04-29,'000005,世纪星源,0.0,0.0,0.0,0.0,4.1,None,None,0.0,0,0.0,3748767788.7,3746346328.7,0
2015-04-28,'000005,世纪星源,0.0,0.0,0.0,0.0,4.1,None,None,0.0,0,0.0,3748767788.7,3746346328.7,0
2015-04-27,'000005,世纪星源,0.0,0.0,0.0,0.0,4.1,None,None,0.0,0,0.0,3748767788.7,3746346328.7,0
2015-04-24,'000005,世纪星源,0.0,0.0,0.0,0.0,4.1,None,None,0.0,0,0.0,3748767788.7,3746346328.7,0
2015-04-23,'000005,世纪星源,0.0,0.0,0.0,0.0,4.1,None,None,0.0,0,0.0,3748767788.7,3746346328.7,0
2015-04-22,'000005,世纪星源,0.0,0.0,0.0,0.0,4.1,None,None,0.0,0,0.0,3748767788.7,3746346328.7,0
2015-04-21,'000005,世纪星源,0.0,0.0,0.0,0.0,4.1,None,None,0.0,0,0.0,3748767788.7,3746346328.7,0
2015-04-20,'000005,世纪星源,0.0,0.0,0.0,0.0,4.1,None,None,0.0,0,0.0,3748767788.7,3746346328.7,0
2015-04-17,'000005,世纪星源,0.0,0.0,0.0,0.0,4.1,None,None,0.0,0,0.0,3748767788.7,3746346328.7,0
2015-04-16,'000005,世纪星源,0.0,0.0,0.0,0.0,4.1,None,None,0.0,0,0.0,3748767788.7,3746346328.7,0
2015-04-15,'000005,世纪星源,0.0,0.0,0.0,0.0,4.1,None,None,0.0,0,0.0,3748767788.7,3746346328.7,0
2015-04-14,'000005,世纪星源,0.0,0.0,0.0,0.0,4.1,None,None,0.0,0,0.0,3748767788.7,3746346328.7,0
2015-04-13,'000005,世纪星源,0.0,0.0,0.0,0.0,4.1,None,None,0.0,0,0.0,3748767788.7,3746346328.7,0
2015-04-10,'000005,世纪星源,0.0,0.0,0.0,0.0,4.1,None,None,0.0,0,0.0,3748767788.7,3746346328.7,0
2015-04-09,'000005,世纪星源,0.0,0.0,0.0,0.0,4.1,None,None,0.0,0,0.0,3748767788.7,3746346328.7,0
2015-04-08,'000005,世纪星源,0.0,0.0,0.0,0.0,4.1,None,None,0.0,0,0.0,3748767788.7,3746346328.7,0
2015-04-07,'000005,世纪星源,0.0,0.0,0.0,0.0,4.1,None,None,0.0,0,0.0,3748767788.7,3746346328.7,0
2015-04-03,'000005,世纪星源,0.0,0.0,0.0,0.0,4.1,None,None,0.0,0,0.0,3748767788.7,3746346328.7,0
2015-04-02,'000005,世纪星源,0.0,0.0,0.0,0.0,4.1,None,None,0.0,0,0.0,3748767788.7,3746346328.7,0
2015-04-01,'000005,世纪星源,0.0,0.0,0.0,0.0,4.1,None,None,0.0,0,0.0,3748767788.7,3746346328.7,0
2015-03-31,'000005,世纪星源,0.0,0.0,0.0,0.0,4.1,None,None,0.0,0,0.0,3748767788.7,3746346328.7,0
2015-03-30,'000005,世纪星源,0.0,0.0,0.0,0.0,4.1,None,None,0.0,0,0.0,3748767788.7,3746346328.7,0
2015-03-27,'000005,世纪星源,0.0,0.0,0.0,0.0,4.1,None,None,0.0,0,0.0,3748767788.7,3746346328.7,0
2015-03-26,'000005,世纪星源,0.0,0.0,0.0,0.0,4.1,None,None,0.0,0,0.0,3748767788.7,3746346328.7,0
2015-03-25,'000005,世纪星源,0.0,0.0,0.0,0.0,4.1,None,None,0.0,0,0.0,3748767788.7,3746346328.7,0
2015-03-24,'000005,世纪星源,0.0,0.0,0.0,0.0,4.1,None,None,0.0,0,0.0,3748767788.7,3746346328.7,0
2015-03-23,'000005,世纪星源,0.0,0.0,0.0,0.0,4.1,None,None,0.0,0,0.0,3748767788.7,3746346328.7,0
2015-03-20,'000005,世纪星源,0.0,0.0,0.0,0.0,4.1,None,None,0.0,0,0.0,3748767788.7,3746346328.7,0
2015-03-19,'000005,世纪星源,0.0,0.0,0.0,0.0,4.1,None,None,0.0,0,0.0,3748767788.7,3746346328.7,0
2015-03-18,'000005,世纪星源,0.0,0.0,0.0,0.0,4.1,None,None,0.0,0,0.0,3748767788.7,3746346328.7,0
2015-03-17,'000005,世纪星源,0.0,0.0,0.0,0.0,4.1,None,None,0.0,0,0.0,3748767788.7,3746346328.7,0
2015-03-16,'000005,世纪星源,0.0,0.0,0.0,0.0,4.1,None,None,0.0,0,0.0,3748767788.7,3746346328.7,0
2015-03-13,'000005,世纪星源,0.0,0.0,0.0,0.0,4.1,None,None,0.0,0,0.0,3748767788.7,3746346328.7,0
2015-03-12,'000005,世纪星源,0.0,0.0,0.0,0.0,4.1,None,None,0.0,0,0.0,3748767788.7,3746346328.7,0
2015-03-11,'000005,世纪星源,0.0,0.0,0.0,0.0,4.1,None,None,0.0,0,0.0,3748767788.7,3746346328.7,0
2015-03-10,'000005,世纪星源,0.0,0.0,0.0,0.0,4.1,None,None,0.0,0,0.0,3748767788.7,3746346328.7,0
2015-03-09,'000005,世纪星源,0.0,0.0,0.0,0.0,4.1,None,None,0.0,0,0.0,3748767788.7,3746346328.7,0
2015-03-06,'000005,世纪星源,0.0,0.0,0.0,0.0,4.1,None,None,0.0,0,0.0,3748767788.7,3746346328.7,0
2015-03-05,'000005,世纪星源,0.0,0.0,0.0,0.0,4.1,None,None,0.0,0,0.0,3748767788.7,3746346328.7,0
2015-03-04,'000005,世纪星源,0.0,0.0,0.0,0.0,4.1,None,None,0.0,0,0.0,3748767788.7,3746346328.7,0
2015-03-03,'000005,世纪星源,0.0,0.0,0.0,0.0,4.1,None,None,0.0,0,0.0,3748767788.7,3746346328.7,0
2015-03-02,'000005,世纪星源,0.0,0.0,0.0,0.0,4.1,None,None,0.0,0,0.0,3748767788.7,3746346328.7,0
2015-02-27,'000005,世纪星源,0.0,0.0,0.0,0.0,4.1,None,None,0.0,0,0.0,3748767788.7,3746346328.7,0
2015-02-26,'000005,世纪星源,0.0,0.0,0.0,0.0,4.1,None,None,0.0,0,0.0,3748767788.7,3746346328.7,0
2015-02-25,'000005,世纪星源,0.0,0.0,0.0,0.0,4.1,None,None,0.0,0,0.0,3748767788.7,3746346328.7,0
2015-02-17,'000005,世纪星源,0.0,0.0,0.0,0.0,4.1,None,None,0.0,0,0.0,3748767788.7,3746346328.7,0
2015-02-16,'000005,世纪星源,0.0,0.0,0.0,0.0,4.1,None,None,0.0,0,0.0,3748767788.7,3746346328.7,0
2015-02-13,'000005,世纪星源,0.0,0.0,0.0,0.0,4.1,None,None,0.0,0,0.0,3748767788.7,3746346328.7,0
2015-02-12,'000005,世纪星源,0.0,0.0,0.0,0.0,4.1,None,None,0.0,0,0.0,3748767788.7,3746346328.7,0
2015-02-11,'000005,世纪星源,0.0,0.0,0.0,0.0,4.1,None,None,0.0,0,0.0,3748767788.7,3746346328.7,0
2015-02-10,'000005,世纪星源,0.0,0.0,0.0,0.0,4.1,None,None,0.0,0,0.0,3748767788.7,3746346328.7,0
2015-02-09,'000005,世纪星源,0.0,0.0,0.0,0.0,4.1,None,None,0.0,0,0.0,3748767788.7,3746346328.7,0
2015-02-06,'000005,世纪星源,0.0,0.0,0.0,0.0,4.1,None,None,0.0,0,0.0,3748767788.7,3746346328.7,0
2015-02-05,'000005,世纪星源,0.0,0.0,0.0,0.0,4.1,None,None,0.0,0,0.0,3748767788.7,3746346328.7,0
2015-02-04,'000005,世纪星源,0.0,0.0,0.0,0.0,4.1,None,None,0.0,0,0.0,3748767788.7,3746346328.7,0
2015-02-03,'000005,世纪星源,0.0,0.0,0.0,0.0,4.1,None,None,0.0,0,0.0,3748767788.7,3746346328.7,0
2015-02-02,'000005,世纪星源,0.0,0.0,0.0,0.0,4.1,None,None,0.0,0,0.0,3748767788.7,3746346328.7,0
2015-01-30,'000005,世纪星源,0.0,0.0,0.0,0.0,4.1,None,None,0.0,0,0.0,3748767788.7,3746346328.7,0
2015-01-29,'000005,世纪星源,0.0,0.0,0.0,0.0,4.1,None,None,0.0,0,0.0,3748767788.7,3746346328.7,0
2015-01-28,'000005,世纪星源,0.0,0.0,0.0,0.0,4.1,None,None,0.0,0,0.0,3748767788.7,3746346328.7,0
2015-01-27,'000005,世纪星源,0.0,0.0,0.0,0.0,4.1,None,None,0.0,0,0.0,3748767788.7,3746346328.7,0
2015-01-26,'000005,世纪星源,0.0,0.0,0.0,0.0,4.1,None,None,0.0,0,0.0,3748767788.7,3746346328.7,0
2015-01-23,'000005,世纪星源,0.0,0.0,0.0,0.0,4.1,None,None,0.0,0,0.0,3748767788.7,3746346328.7,0
2015-01-22,'000005,世纪星源,0.0,0.0,0.0,0.0,4.1,None,None,0.0,0,0.0,3748767788.7,3746346328.7,0
2015-01-21,'000005,世纪星源,0.0,0.0,0.0,0.0,4.1,None,None,0.0,0,0.0,3748767788.7,3746346328.7,0
2015-01-20,'000005,世纪星源,0.0,0.0,0.0,0.0,4.1,None,None,0.0,0,0.0,3748767788.7,3746346328.7,0
2015-01-19,'000005,世纪星源,0.0,0.0,0.0,0.0,4.1,None,None,0.0,0,0.0,3748767788.7,3746346328.7,0
2015-01-16,'000005,世纪星源,0.0,0.0,0.0,0.0,4.1,None,None,0.0,0,0.0,3748767788.7,3746346328.7,0
2015-01-15,'000005,世纪星源,0.0,0.0,0.0,0.0,4.1,None,None,0.0,0,0.0,3748767788.7,3746346328.7,0
2015-01-14,'000005,世纪星源,0.0,0.0,0.0,0.0,4.1,None,None,0.0,0,0.0,3748767788.7,3746346328.7,0
2015-01-13,'000005,世纪星源,0.0,0.0,0.0,0.0,4.1,None,None,0.0,0,0.0,3748767788.7,3746346328.7,0
2015-01-12,'000005,世纪星源,0.0,0.0,0.0,0.0,4.1,None,None,0.0,0,0.0,3748767788.7,3746346328.7,0
2015-01-09,'000005,世纪星源,0.0,0.0,0.0,0.0,4.1,None,None,0.0,0,0.0,3748767788.7,3746346328.7,0
2015-01-08,'000005,世纪星源,0.0,0.0,0.0,0.0,4.1,None,None,0.0,0,0.0,3748767788.7,3746346328.7,0
2015-01-07,'000005,世纪星源,0.0,0.0,0.0,0.0,4.1,None,None,0.0,0,0.0,3748767788.7,3746346328.7,0
2015-01-06,'000005,世纪星源,0.0,0.0,0.0,0.0,4.1,None,None,0.0,0,0.0,3748767788.7,3746346328.7,0
2015-01-05,'000005,世纪星源,0.0,0.0,0.0,0.0,4.1,None,None,0.0,0,0.0,3748767788.7,3746346328.7,0
