日期,股票代码,名称,收盘价,最高价,最低价,开盘价,前收盘,涨跌额,涨跌幅,换手率,成交量,成交金额,总市值,流通市值,成交笔数
2016-01-08,'000002,万  科Ａ,0.0,0.0,0.0,0.0,24.43,None,None,0.0,0,0.0,2.69990888489e+11,2.37866526406e+11,0
2016-01-07,'000002,万  科Ａ,0.0,0.0,0.0,0.0,24.43,None,None,0.0,0,0.0,2.69990888489e+11,2.37866526406e+11,0
2016-01-06,'000002,万  科Ａ,0.0,0.0,0.0,0.0,24.43,None,None,0.0,0,0.0,2.69990888489e+11,2.37866526406e+11,0
2016-01-05,'000002,万  科Ａ,0.0,0.0,0.0,0.0,24.43,None,None,0.0,0,0.0,2.69990888489e+11,2.37866526406e+11,0
2016-01-04,'000002,万  科Ａ,0.0,0.0,0.0,0.0,24.43,None,None,0.0,0,0.0,2.6996432575e+11,2.37839963667e+11,0
2015-12-31,'000002,万  科Ａ,0.0,0.0,0.0,0.0,24.43,None,None,0.0,0,0.0,2.6996432575e+11,2.37839963667e+11,0
2015-12-30,'000002,万  科Ａ,0.0,0.0,0.0,0.0,24.43,None,None,0.0,0,0.0,2.6996432575e+11,2.37839963667e+11,0
2015-12-29,'000002,万  科Ａ,0.0,0.0,0.0,0.0,24.43,None,None,0.0,0,0.0,2.6996432575e+11,2.37839963667e+11,0
2015-12-28,'000002,万  科Ａ,0.0,0.0,0.0,0.0,24.43,None,None,0.0,0,0.0,2.6996432575e+11,2.37839963667e+11,0
2015-12-25,'000002,万  科Ａ,0.0,0.0,0.0,0.0,24.43,None,None,0.0,0,0.0,2.6996432575e+11,2.37839963667e+11,0
2015-12-24,'000002,万  科Ａ,0.0,0.0,0.0,0.0,24.43,None,None,0.0,0,0.0,2.6996432575e+11,2.37839963667e+11,0
2015-12-23,'000002,万  科Ａ,0.0,0.0,0.0,0.0,24.43,None,None,0.0,0,0.0,2.6996432575e+11,2.37839963667e+11,0
2015-12-22,'000002,万  科Ａ,0.0,0.0,0.0,0.0,24.43,None,None,0.0,0,0.0,2.6996432575e+11,2.37839963667e+11,0
2015-12-21,'000002,万  科Ａ,0.0,0.0,0.0,0.0,24.43,None,None,0.0,0,0.0,2.6996432575e+11,2.37839963667e+11,0
2015-12-18,'000002,万  科Ａ,24.43,24.43,21.66,22.4,22.21,2.22,9.9955,2.2998,223898402,5288950847.98,2.6996432575e+11,2.37839963667e+11,112873
2015-12-17,'000002,万  科Ａ,22.21,22.21,20.35,20.38,20.19,2.02,10.005,2.6536,258339265,5616476773.96,2.4543216025e+11,2.16226999306e+11,143532
2015-12-16,'000002,万  科Ａ,20.19,20.99,20.01,20.63,21.08,-0.89,-4.222,1.2176,118536396,2410648699.06,2.2311009975e+11,1.96561148851e+11,108161
2015-12-15,'000002,万  科Ａ,21.08,21.46,19.6,19.6,20.08,1.0,4.9801,1.7193,167387632,3487966828.19,2.32945067e+11,2.05225805735e+11,117785
2015-12-14,'000002,万  科Ａ,20.08,20.48,19.01,19.6,19.9,0.18,0.9045,1.43,139219406,2747638826.05,2.21894542e+11,1.95490236203e+11,90892
2015-12-11,'000002,万  科Ａ,19.9,20.34,18.78,19.14,19.54,0.36,1.8424,2.0903,203500842,3998320224.76,2.199054475e+11,1.93737833687e+11,117573
2015-12-10,'000002,万  科Ａ,19.54,21.36,19.02,19.59,19.55,-0.01,-0.0512,3.1507,306737466,6153428190.46,2.159272585e+11,1.90233028655e+11,188333
2015-12-09,'000002,万  科Ａ,19.55,19.55,17.81,17.95,17.77,1.78,10.0169,3.6963,359851973,6732052642.72,2.1603776375e+11,1.90330384351e+11,121167
2015-12-08,'000002,万  科Ａ,17.77,18.07,17.4,17.9,18.02,-0.25,-1.3873,1.5714,152988606,2702009048.43,1.9636782925e+11,1.73001070584e+11,68240
2015-12-07,'000002,万  科Ａ,18.02,18.98,17.67,18.82,18.98,-0.96,-5.058,2.317,225571938,4100197209.78,1.991304605e+11,1.75434962967e+11,105060
2015-12-04,'000002,万  科Ａ,18.98,19.84,18.6,18.9,19.15,-0.17,-0.8877,3.8704,376800949,7225322060.94,2.097389645e+11,1.84781109717e+11,124069
2015-12-03,'000002,万  科Ａ,19.15,19.33,18.08,18.45,18.24,0.91,4.989,4.9008,477123637,8914671514.28,2.1161755375e+11,1.86436156538e+11,139025
2015-12-02,'000002,万  科Ａ,18.24,18.24,16.54,16.68,16.58,1.66,10.0121,6.5641,638988613,11337757057.1,2.01544891872e+11,1.77560104136e+11,121344
2015-12-01,'000002,万  科Ａ,16.58,16.58,14.93,14.99,15.07,1.51,10.0199,3.8524,375016370,6042685184.49,1.83202538774e+11,1.61400577115e+11,86216
2015-11-30,'000002,万  科Ａ,15.07,15.25,14.28,14.29,14.26,0.81,5.6802,2.0751,202000999,3029921805.44,1.66517627221e+11,1.46701248318e+11,67425
2015-11-27,'000002,万  科Ａ,14.26,14.65,14.24,14.43,14.5,-0.24,-1.6552,0.9124,88815558,1286416586.9,1.57567442878e+11,1.38816177904e+11,24286
2015-11-26,'000002,万  科Ａ,14.5,14.62,14.47,14.55,14.56,-0.06,-0.4121,0.3942,38374822,558000815.42,1.6021934935e+11,1.41152495064e+11,13364
2015-11-25,'000002,万  科Ａ,14.56,14.72,14.39,14.42,14.5,0.06,0.4138,0.5977,58181863,848024659.09,1.60882325968e+11,1.41736574354e+11,22929
2015-11-24,'000002,万  科Ａ,14.5,14.55,14.14,14.37,14.37,0.13,0.9047,0.766,74568658,1068471980.12,1.6021934935e+11,1.41152495064e+11,20325
2015-11-23,'000002,万  科Ａ,14.37,14.64,14.32,14.5,14.49,-0.12,-0.8282,0.6464,62928810,911464907.6,1.58782900011e+11,1.39886989936e+11,20954
2015-11-20,'000002,万  科Ａ,14.49,14.72,14.37,14.45,14.5,-0.01,-0.069,0.7524,73248295,1064007001.11,1.60108853247e+11,1.41055148516e+11,27759
2015-11-19,'000002,万  科Ａ,14.5,14.6,14.18,14.6,14.67,-0.17,-1.1588,0.9102,88604441,1272044244.42,1.6021934935e+11,1.41152495064e+11,36106
2015-11-18,'000002,万  科Ａ,14.67,15.27,14.01,14.07,14.0,0.67,4.7857,1.8012,175344374,2576146306.56,1.62097783101e+11,1.42807386385e+11,72897
2015-11-17,'000002,万  科Ａ,14.0,14.3,13.9,14.03,14.0,0.0,0.0,0.6691,65129951,918176272.35,1.546945442e+11,1.36285167648e+11,28442
2015-11-16,'000002,万  科Ａ,14.0,14.0,13.71,13.81,13.9,0.1,0.7194,0.3294,32070708,445294096.25,1.546945442e+11,1.36285167648e+11,15204
2015-11-13,'000002,万  科Ａ,13.9,14.05,13.83,14.0,14.09,-0.19,-1.3485,0.3941,38362808,534644202.97,1.5358958317e+11,1.35311702165e+11,15236
2015-11-12,'000002,万  科Ａ,14.09,14.25,14.01,14.24,14.17,-0.08,-0.5646,0.5494,53485066,755530677.21,1.55689009127e+11,1.37161286583e+11,19942
2015-11-11,'000002,万  科Ａ,14.17,14.32,14.1,14.21,14.27,-0.1,-0.7008,0.5944,57861255,822609309.22,1.56572977951e+11,1.37940058969e+11,19841
2015-11-10,'000002,万  科Ａ,14.27,14.37,14.2,14.33,14.4,-0.13,-0.9028,0.5389,52460045,749031908.85,1.57677938981e+11,1.38913524453e+11,20479
2015-11-09,'000002,万  科Ａ,14.4,14.66,14.18,14.21,14.21,0.19,1.3371,0.8531,83050501,1202251924.02,1.5911438832e+11,1.40179029581e+11,31759
2015-11-06,'000002,万  科Ａ,14.21,14.31,14.06,14.11,14.12,0.09,0.6374,0.5154,50176457,710839368.15,1.57014962363e+11,1.38329445163e+11,20972
2015-11-05,'000002,万  科Ａ,14.12,14.58,13.95,14.05,14.08,0.04,0.2841,0.9483,92318052,1316863757.86,1.56020497436e+11,1.37453326228e+11,37716
2015-11-04,'000002,万  科Ａ,14.08,14.1,13.61,13.65,13.66,0.42,3.0747,0.7896,76865444,1071494152.55,1.55578513024e+11,1.37063940035e+11,33211
2015-11-03,'000002,万  科Ａ,13.66,13.7,13.54,13.56,13.56,0.1,0.7375,0.3057,29760421,406129033.43,1.50937676698e+11,1.32975385005e+11,16228
2015-11-02,'000002,万  科Ａ,13.56,13.67,13.54,13.61,13.67,-0.11,-0.8047,0.338,32898935,447194379.26,1.49832715668e+11,1.32001919522e+11,12186
2015-10-30,'000002,万  科Ａ,13.67,13.75,13.6,13.7,13.62,0.05,0.3671,0.3064,29831792,407329917.95,1.51048172801e+11,1.33072731553e+11,11775
2015-10-29,'000002,万  科Ａ,13.62,13.73,13.54,13.66,13.66,-0.04,-0.2928,0.2865,27891776,380269922.72,1.50495692286e+11,1.32585998812e+11,11679
2015-10-28,'000002,万  科Ａ,13.66,13.83,13.66,13.68,13.69,-0.03,-0.2191,0.3535,34416490,472561645.43,1.50937676698e+11,1.32975385005e+11,17683
2015-10-27,'000002,万  科Ａ,13.69,13.72,13.32,13.55,13.67,0.02,0.1463,0.354,34463302,468109410.56,1.51269165007e+11,1.3326742465e+11,17221
2015-10-26,'000002,万  科Ａ,13.67,13.97,13.58,13.88,13.74,-0.07,-0.5095,0.8016,78036045,1073356672.47,1.51048172801e+11,1.33072731553e+11,28150
2015-10-23,'000002,万  科Ａ,13.74,13.8,13.31,13.36,13.35,0.39,2.9213,0.6941,67564569,919824051.5,1.51821645522e+11,1.33754157392e+11,28491
2015-10-22,'000002,万  科Ａ,13.35,13.4,13.17,13.23,13.23,0.12,0.907,0.4647,45233418,602537138.99,1.47512297505e+11,1.29957642007e+11,15390
2015-10-21,'000002,万  科Ａ,13.23,13.61,13.2,13.55,13.55,-0.32,-2.3616,0.5732,55800509,750692814.84,1.46186344269e+11,1.28789483427e+11,19041
2015-10-20,'000002,万  科Ａ,13.55,13.65,13.42,13.43,13.53,0.02,0.1478,0.4183,40724637,550221146.9,1.49722219565e+11,1.31904572974e+11,14523
2015-10-19,'000002,万  科Ａ,13.53,13.7,13.4,13.7,13.65,-0.12,-0.8791,0.5901,57448792,775820740.86,1.49501227359e+11,1.31709879877e+11,21380
2015-10-16,'000002,万  科Ａ,13.65,13.75,13.52,13.53,13.52,0.13,0.9615,0.5203,50645291,690108138.6,1.50827180595e+11,1.32878038457e+11,22715
2015-10-15,'000002,万  科Ａ,13.52,13.56,13.28,13.3,13.28,0.24,1.8072,0.45,43805390,588366358.01,1.49390731256e+11,1.31612533329e+11,22334
2015-10-14,'000002,万  科Ａ,13.28,13.47,13.25,13.32,13.47,-0.19,-1.4105,0.5598,54490467,726780385.84,1.46738824784e+11,1.29276216169e+11,15289
2015-10-13,'000002,万  科Ａ,13.47,13.56,13.35,13.41,13.48,-0.01,-0.0742,0.5844,56889346,766321052.97,1.48838250741e+11,1.31125800587e+11,20312
2015-10-12,'000002,万  科Ａ,13.48,13.64,13.21,13.23,13.23,0.25,1.8896,0.8055,78417153,1053773059.52,1.48948746844e+11,1.31223147135e+11,31480
2015-10-09,'000002,万  科Ａ,13.23,13.28,13.07,13.13,13.07,0.16,1.2242,0.6518,63450500,835874054.83,1.46186344269e+11,1.28789483427e+11,24219
2015-10-08,'000002,万  科Ａ,13.07,13.32,13.03,13.25,12.73,0.34,2.6709,0.8432,82086235,1079570350.64,1.44418406621e+11,1.27231938654e+11,30582
2015-09-30,'000002,万  科Ａ,12.73,12.81,12.57,12.67,12.6,0.13,1.0317,0.5029,48951862,619877205.61,1.40652920909e+11,1.23913537801e+11,20344
2015-09-29,'000002,万  科Ａ,12.6,12.79,12.52,12.75,12.85,-0.25,-1.9455,0.6142,59787853,757134586.05,1.3921655958e+11,1.22648120683e+11,23153
2015-09-28,'000002,万  科Ａ,12.85,12.99,12.78,12.88,12.9,-0.05,-0.3876,0.4239,41265686,530321088.33,1.41978792905e+11,1.25081615141e+11,14963
2015-09-25,'000002,万  科Ａ,12.9,13.09,12.85,13.02,13.09,-0.19,-1.4515,0.4544,44228017,573792772.76,1.4253123957e+11,1.25568314033e+11,20080
2015-09-24,'000002,万  科Ａ,13.09,13.21,13.05,13.2,13.15,-0.06,-0.4563,0.4557,44359699,581284161.6,1.44630536897e+11,1.27417769821e+11,19150
2015-09-23,'000002,万  科Ａ,13.15,13.26,13.1,13.15,13.26,-0.11,-0.8296,0.3294,32059731,422422526.67,1.45293472895e+11,1.28001808491e+11,14528
2015-09-22,'000002,万  科Ａ,13.26,13.35,13.18,13.23,13.18,0.08,0.607,0.4636,45124048,598058332.0,1.46508855558e+11,1.29072546052e+11,22709
2015-09-21,'000002,万  科Ａ,13.18,13.2,13.06,13.06,13.12,0.06,0.4573,0.4846,47172075,620313031.78,1.45624940894e+11,1.28293827826e+11,18414
2015-09-18,'000002,万  科Ａ,13.12,13.19,13.04,13.12,13.1,0.02,0.1527,0.354,34457148,452012029.66,1.44960279616e+11,1.27708063876e+11,17034
2015-09-17,'000002,万  科Ａ,13.1,13.39,13.1,13.35,13.43,-0.33,-2.4572,0.6293,61252961,812205514.98,1.4473930358e+11,1.27513386949e+11,37836
2015-09-16,'000002,万  科Ａ,13.43,13.65,12.91,13.09,13.02,0.41,3.149,0.7272,70785553,938469063.66,1.48385408174e+11,1.30725556239e+11,37515
2015-09-15,'000002,万  科Ａ,13.02,13.29,12.9,13.19,13.19,-0.17,-1.2889,0.4898,47673875,623857249.27,1.43855399436e+11,1.26734679243e+11,24188
2015-09-14,'000002,万  科Ａ,13.19,13.54,13.17,13.47,13.47,-0.28,-2.0787,0.5837,56811697,755029633.46,1.45733695742e+11,1.28389433119e+11,25542
2015-09-11,'000002,万  科Ａ,13.47,13.67,13.4,13.59,13.54,-0.07,-0.517,0.322,31345274,424400222.4,1.48827360246e+11,1.31114910092e+11,16722
2015-09-10,'000002,万  科Ａ,13.54,13.79,13.51,13.63,13.76,-0.22,-1.5988,0.4292,41776819,569659424.09,1.49600776372e+11,1.31796279335e+11,21965
2015-09-09,'000002,万  科Ａ,13.76,14.04,13.59,13.71,13.68,0.08,0.5848,0.8574,83457692,1150245264.44,1.52031512768e+11,1.33937725528e+11,36004
2015-09-08,'000002,万  科Ａ,13.68,13.68,13.3,13.54,13.6,0.08,0.5882,0.6696,65181113,880009925.68,1.51147608624e+11,1.33159017822e+11,32166
2015-09-07,'000002,万  科Ａ,13.6,14.5,13.5,13.99,14.22,-0.62,-4.3601,1.4389,140058109,1951782721.38,1.5026370448e+11,1.32380310115e+11,55962
2015-09-02,'000002,万  科Ａ,14.22,14.33,13.47,13.77,14.23,-0.01,-0.0703,2.3574,229469623,3218100532.84,1.57113961596e+11,1.38415294841e+11,54130
2015-09-01,'000002,万  科Ａ,14.23,14.26,13.26,13.7,13.8,0.43,3.1159,2.0041,195073023,2707269061.7,1.57224449614e+11,1.38512633304e+11,54195
2015-08-31,'000002,万  科Ａ,13.8,13.8,13.2,13.41,13.58,0.22,1.62,1.4734,143421372,1932161669.87,1.5247346484e+11,1.34327079382e+11,48813
2015-08-28,'000002,万  科Ａ,13.58,13.68,13.04,13.31,13.18,0.4,3.0349,1.4118,137418669,1828208036.19,1.50042728444e+11,1.32185633189e+11,72036
2015-08-27,'000002,万  科Ａ,13.18,13.68,12.6,13.64,13.25,-0.07,-0.5283,1.5755,153356327,1996706376.8,1.45623207724e+11,1.28292094656e+11,71640
2015-08-26,'000002,万  科Ａ,13.25,13.82,13.05,13.3,13.0,0.25,1.9231,2.411,234684650,3142741315.03,1.4639662385e+11,1.28973463899e+11,74383
2015-08-25,'000002,万  科Ａ,13.0,13.42,12.54,12.8,13.19,-0.19,-1.4405,2.8258,275062801,3615036352.0,1.436344234e+11,1.26540002316e+11,56415
2015-08-24,'000002,万  科Ａ,13.19,13.68,12.88,13.65,13.91,-0.72,-5.1761,3.5133,341975724,4519423985.8,1.45733695742e+11,1.28389433119e+11,53953
2015-08-21,'000002,万  科Ａ,13.91,14.38,13.85,14.19,14.28,-0.37,-2.591,1.417,137928170,1938895359.24,1.53688833038e+11,1.35397802478e+11,48416
2015-08-20,'000002,万  科Ａ,14.28,14.45,14.22,14.35,14.5,-0.22,-1.5172,0.8655,84249386,1208966056.98,1.57776889704e+11,1.38999325621e+11,26988
2015-08-19,'000002,万  科Ａ,14.5,14.54,14.03,14.09,14.22,0.28,1.9691,1.0267,99934149,1430580813.34,1.602076261e+11,1.41140771814e+11,41534
2015-08-18,'000002,万  科Ａ,14.22,14.89,14.1,14.74,14.76,-0.54,-3.6585,1.5189,147844654,2153134809.27,1.57113961596e+11,1.38415294841e+11,54479
2015-08-17,'000002,万  科Ａ,14.76,14.82,14.57,14.78,14.95,-0.19,-1.2709,1.3081,127326271,1869624457.98,1.63080314568e+11,1.4367157186e+11,47676
2015-08-14,'000002,万  科Ａ,14.95,15.29,14.81,14.86,14.88,0.07,0.4704,1.5349,149400695,2241605922.46,1.6517958691e+11,1.45521002663e+11,52202
2015-08-13,'000002,万  科Ａ,14.88,15.06,14.55,14.9,14.93,-0.05,-0.3349,1.195,116320856,1722429943.8,1.64406170784e+11,1.4483963342e+11,49295
2015-08-12,'000002,万  科Ａ,14.93,15.36,14.83,15.2,15.57,-0.64,-4.1105,1.4848,144525235,2177932905.36,1.64958610874e+11,1.45326325737e+11,62261
2015-08-11,'000002,万  科Ａ,15.57,15.93,14.84,14.95,15.07,0.5,3.3179,2.6376,256740181,3972851885.67,1.72029844026e+11,1.51555987389e+11,103723
2015-08-10,'000002,万  科Ａ,15.07,15.18,14.53,14.69,14.6,0.47,3.2192,1.7324,168630747,2502184704.02,1.66505443126e+11,1.46689064223e+11,66196
2015-08-07,'000002,万  科Ａ,14.6,14.71,14.38,14.47,14.34,0.26,1.8131,0.8902,86651891,1264587901.69,1.6131250628e+11,1.42114156447e+11,38637
2015-08-06,'000002,万  科Ａ,14.34,14.63,14.14,14.26,14.45,-0.11,-0.7612,0.5235,50953691,733682830.43,1.58439817812e+11,1.39583356401e+11,25477
2015-08-05,'000002,万  科Ａ,14.45,14.75,14.4,14.73,14.79,-0.34,-2.2989,0.782,76117703,1106443248.1,1.5965518601e+11,1.40654079497e+11,40194
2015-08-04,'000002,万  科Ａ,14.79,14.98,14.53,14.61,14.61,0.18,1.232,0.8308,80863209,1187891158.85,1.63402046802e+11,1.4395385543e+11,47709
2015-08-03,'000002,万  科Ａ,14.61,14.62,13.96,14.1,14.18,0.43,3.0324,1.5813,153913660,2204306597.23,1.61413380918e+11,1.42201881531e+11,51769
2015-07-31,'000002,万  科Ａ,14.18,14.24,13.89,13.95,14.08,0.1,0.7102,1.2615,122783950,1729786304.06,1.56662679084e+11,1.38016610548e+11,38177
2015-07-30,'000002,万  科Ａ,14.08,14.65,14.08,14.58,14.6,-0.52,-3.5616,1.2776,124346375,1791243811.96,1.55557864704e+11,1.37043291715e+11,65810
2015-07-29,'000002,万  科Ａ,14.6,14.75,14.35,14.6,14.62,-0.02,-0.1368,1.6861,164106499,2380501164.68,1.6130289948e+11,1.42104549647e+11,56522
2015-07-28,'000002,万  科Ａ,14.62,14.8,13.76,13.9,14.2,0.42,2.9577,2.9139,283619253,4072799036.68,1.61523862356e+11,1.42299213414e+11,87659
2015-07-27,'000002,万  科Ａ,14.2,15.96,13.95,15.41,15.41,-1.21,-7.852,3.2129,312722110,4729532524.54,1.5688364196e+11,1.38211274314e+11,148364
2015-07-24,'000002,万  科Ａ,15.41,16.0,15.1,15.17,15.16,0.25,1.6491,4.7818,465422714,7251860251.13,1.70251895958e+11,1.49988432196e+11,174450
2015-07-23,'000002,万  科Ａ,15.16,15.23,14.46,14.54,14.7,0.46,3.1293,3.466,337348759,5050036050.08,1.67489860008e+11,1.47555135113e+11,123928
2015-07-22,'000002,万  科Ａ,14.7,14.75,14.1,14.51,14.51,0.19,1.3094,2.4066,234234393,3368836817.72,1.6240771386e+11,1.4307786848e+11,93465
2015-07-21,'000002,万  科Ａ,14.51,14.77,14.5,14.77,14.85,-0.34,-2.2896,2.0115,195781788,2867111550.31,1.60308566538e+11,1.41228562697e+11,88928
2015-07-20,'000002,万  科Ａ,15.35,15.38,14.8,14.97,15.07,0.28,1.858,3.0427,296150238,4477266024.86,1.6958900733e+11,1.49404440896e+11,122795
2015-07-17,'000002,万  科Ａ,15.07,15.21,14.62,14.77,14.7,0.37,2.517,2.6226,255267315,3797814668.46,1.66495527066e+11,1.46679148163e+11,115393
2015-07-16,'000002,万  科Ａ,14.7,14.88,14.43,14.71,14.71,-0.01,-0.068,1.829,177724598,2610989575.54,1.6240645407e+11,1.42843253849e+11,78321
2015-07-15,'000002,万  科Ａ,14.71,15.11,14.26,14.44,14.55,0.16,1.0997,2.7616,268355464,3950255705.56,1.62516934651e+11,1.42940426131e+11,130828
2015-07-14,'000002,万  科Ａ,14.55,14.93,14.41,14.68,15.1,-0.55,-3.6424,2.8605,277962347,4080586924.29,1.60749245355e+11,1.41385669626e+11,152913
2015-07-13,'000002,万  科Ａ,15.1,15.49,14.26,14.6,14.97,0.13,0.8684,4.8244,468795496,6994645452.93,1.6682567731e+11,1.4673014511e+11,289525
2015-07-10,'000002,万  科Ａ,14.97,15.82,14.0,14.2,14.55,0.42,2.8866,9.3727,910770167,13818804620.3,1.65389429757e+11,1.4546690545e+11,366562
2015-07-09,'000002,万  科Ａ,14.55,14.59,12.81,13.26,13.26,1.29,9.7285,6.2471,607045140,8507280589.42,1.60749245355e+11,1.41385669626e+11,167358
2015-07-08,'000002,万  科Ａ,13.26,14.09,13.09,13.36,14.54,-1.28,-8.8033,7.3795,717086208,9505576528.51,1.46497250406e+11,1.28850445309e+11,148101
2015-07-07,'000002,万  科Ａ,14.54,15.05,14.16,14.5,14.88,-0.34,-2.2849,4.7863,465093034,6771616053.02,1.60638764774e+11,1.41288497345e+11,130508
2015-07-06,'000002,万  科Ａ,14.88,15.07,13.9,14.93,13.7,1.18,8.6131,6.3449,616547408,8948479182.01,1.64395104528e+11,1.44592354917e+11,163858
2015-07-03,'000002,万  科Ａ,13.7,14.25,13.2,13.93,14.21,-0.51,-3.589,3.2465,315467326,4345388453.81,1.5135839597e+11,1.33126025696e+11,85281
2015-07-02,'000002,万  科Ａ,14.21,14.43,13.14,14.31,14.25,-0.04,-0.2807,3.4469,334916085,4662117788.05,1.56981317346e+11,1.38070223799e+11,106834
2015-07-01,'000002,万  科Ａ,14.25,14.72,14.15,14.25,14.52,-0.27,-1.8595,2.9769,289250299,4193856480.77,1.5742320705e+11,1.38458880305e+11,110029
2015-06-30,'000002,万  科Ａ,14.52,14.62,13.6,13.92,13.69,0.83,6.0628,4.2117,409226236,5798870703.81,1.60405962552e+11,1.41082311722e+11,137476
2015-06-29,'000002,万  科Ａ,13.69,14.3,12.88,13.85,13.43,0.26,1.936,4.3308,420797360,5808029026.63,1.51236751194e+11,1.3301768922e+11,152925
2015-06-26,'000002,万  科Ａ,13.43,14.25,12.8,13.96,14.2,-0.77,-5.4225,3.1603,307064141,4166709641.96,1.48364468118e+11,1.3049142193e+11,112824
2015-06-25,'000002,万  科Ａ,14.2,14.76,14.16,14.4,14.38,-0.18,-1.2517,2.619,254473843,3689837170.68,1.5687084492e+11,1.37973059673e+11,98604
2015-06-24,'000002,万  科Ａ,14.38,14.41,14.07,14.28,14.27,0.11,0.7708,2.225,216188459,3084495949.45,1.58859348588e+11,1.3972201395e+11,80571
2015-06-23,'000002,万  科Ａ,14.27,14.3,13.51,13.6,13.55,0.72,5.3137,2.8575,277647512,3861090633.69,1.57644151902e+11,1.38653208558e+11,99801
2015-06-19,'000002,万  科Ａ,13.55,14.21,13.5,14.0,14.18,-0.63,-4.4429,2.2495,218568384,3036824658.9,1.4969013723e+11,1.31657391448e+11,91807
2015-06-18,'000002,万  科Ａ,14.18,14.82,14.15,14.64,14.58,-0.4,-2.7435,2.702,262541135,3811569266.89,1.56649900068e+11,1.3777873142e+11,93378
2015-06-17,'000002,万  科Ａ,14.58,14.6,14.1,14.42,14.38,0.2,1.3908,2.2499,218612378,3142743988.4,1.61068797108e+11,1.41665296481e+11,87072
2015-06-16,'000002,万  科Ａ,14.38,14.93,14.26,14.92,14.95,-0.57,-3.8127,2.7463,266842914,3899464624.4,1.58859348588e+11,1.3972201395e+11,112224
2015-06-15,'000002,万  科Ａ,14.95,15.5,14.91,15.48,15.48,-0.53,-3.4238,2.8218,274181057,4150648499.82,1.6515627687e+11,1.45260369162e+11,119902
2015-06-12,'000002,万  科Ａ,15.48,15.66,15.3,15.35,15.32,0.16,1.0444,2.54,246793668,3820543420.58,1.71011315448e+11,1.50410067868e+11,92810
2015-06-11,'000002,万  科Ａ,15.32,15.52,15.15,15.4,15.52,-0.2,-1.2887,2.3852,231757026,3547349904.65,1.69243756632e+11,1.48855441844e+11,100002
2015-06-10,'000002,万  科Ａ,15.52,15.75,15.35,15.43,15.66,-0.14,-0.894,2.9121,282956405,4409969632.16,1.71453205152e+11,1.50798724375e+11,106285
2015-06-09,'000002,万  科Ａ,15.66,16.25,15.49,16.16,16.08,-0.42,-2.6119,4.3816,425738667,6743274958.48,1.72999819116e+11,1.52159022146e+11,154967
2015-06-08,'000002,万  科Ａ,16.08,16.22,15.47,15.6,15.57,0.51,3.2755,6.0203,584961557,9285127872.92,1.77639661008e+11,1.5623991546e+11,204370
2015-06-05,'000002,万  科Ａ,15.57,15.75,15.01,15.15,14.99,0.58,3.8692,5.8062,564150579,8655397379.74,1.72005567282e+11,1.51284545007e+11,207131
2015-06-04,'000002,万  科Ａ,14.99,15.35,14.13,15.07,15.05,-0.06,-0.3987,3.8616,375206820,5585001881.96,1.65598166574e+11,1.45649025668e+11,152483
2015-06-03,'000002,万  科Ａ,15.05,15.18,14.55,14.83,14.8,0.25,1.6892,3.102,301371813,4465194980.36,1.66243926619e+11,1.46214935917e+11,123242
2015-06-02,'000002,万  科Ａ,14.8,15.01,14.55,15.0,14.88,-0.08,-0.5376,2.7572,267869131,3954750201.13,1.63482399599e+11,1.43786116383e+11,108122
2015-06-01,'000002,万  科Ａ,14.88,14.94,14.25,14.38,14.35,0.53,3.6934,3.1913,310039974,4532477574.93,1.64366088245e+11,1.44563338634e+11,116050
2015-05-29,'000002,万  科Ａ,14.35,14.55,13.98,14.35,14.35,0.0,0.0,2.9287,284531661,4071572243.95,1.58511650962e+11,1.39414241223e+11,123612
2015-05-28,'000002,万  科Ａ,14.35,15.64,14.01,15.51,15.4,-1.05,-6.8182,4.6352,450320231,6732346808.51,1.58511650962e+11,1.39414241223e+11,196205
2015-05-27,'000002,万  科Ａ,15.4,15.85,15.37,15.65,15.77,-0.37,-2.3462,4.2453,412444862,6427563959.42,1.70110064447e+11,1.49615283264e+11,168941
2015-05-26,'000002,万  科Ａ,15.77,15.87,14.86,15.27,15.02,0.75,4.9933,6.7538,656148578,10057211999.0,1.74197124437e+11,1.53209936173e+11,278955
2015-05-25,'000002,万  科Ａ,15.02,15.13,14.53,14.53,14.49,0.53,3.6577,4.5965,446566998,6625081057.25,1.65912543377e+11,1.45923477573e+11,187506
2015-05-22,'000002,万  科Ａ,14.49,14.58,14.15,14.21,14.15,0.34,2.4028,3.9126,380124517,5470598256.16,1.60058106094e+11,1.40774380162e+11,152612
2015-05-21,'000002,万  科Ａ,14.15,14.3,13.91,14.08,14.05,0.1,0.7117,2.615,254051024,3572892593.13,1.56302429346e+11,1.37471185596e+11,115309
2015-05-20,'000002,万  科Ａ,14.05,14.38,13.98,14.18,14.16,-0.11,-0.7768,3.1455,305594100,4322772337.36,1.55197818538e+11,1.36499657783e+11,139226
2015-05-19,'000002,万  科Ａ,14.16,14.26,13.8,13.88,13.84,0.32,2.3121,2.6575,258179781,3640508087.24,1.56412890427e+11,1.37568338377e+11,109843
2015-05-18,'000002,万  科Ａ,13.84,13.99,13.7,13.99,14.16,-0.32,-2.2599,2.4346,236527111,3275761857.66,1.52878135841e+11,1.34459449375e+11,125834
2015-05-15,'000002,万  科Ａ,14.16,14.78,13.99,14.71,14.59,-0.43,-2.9472,3.4908,339140815,4843094829.23,1.56412890427e+11,1.37568338377e+11,181218
2015-05-14,'000002,万  科Ａ,14.59,15.6,14.53,14.9,14.7,-0.11,-0.7483,8.0144,778625342,11720036795.0,1.61162716902e+11,1.41745907975e+11,371177
2015-05-13,'000002,万  科Ａ,14.7,14.92,13.73,13.93,13.92,0.78,5.6034,5.9756,580546114,8257166280.4,1.62377788791e+11,1.4281458857e+11,214058
2015-05-12,'000002,万  科Ａ,13.92,14.04,13.83,14.04,14.07,-0.15,-1.0661,2.622,254732800,3543629449.55,1.53761824488e+11,1.35236671625e+11,98930
2015-05-11,'000002,万  科Ａ,14.07,14.1,13.81,14.0,13.8,0.27,1.9565,3.7601,365307474,5107136084.65,1.554187407e+11,1.36693963345e+11,136526
2015-05-08,'000002,万  科Ａ,13.8,13.81,13.47,13.7,13.61,0.19,1.396,2.0366,197857505,2706847357.23,1.52436291518e+11,1.34070838249e+11,71601
2015-05-07,'000002,万  科Ａ,13.61,13.78,13.48,13.54,13.56,0.05,0.3687,1.8056,175422281,2387227479.29,1.50337530982e+11,1.32224935404e+11,70452
2015-05-06,'000002,万  科Ａ,13.56,14.05,13.41,13.83,13.77,-0.21,-1.5251,2.5956,252171903,3476236243.92,1.49785225578e+11,1.31739171497e+11,94461
2015-05-05,'000002,万  科Ａ,13.77,14.63,13.62,14.61,14.55,-0.78,-5.3608,3.3818,328552431,4628568797.09,1.52104908275e+11,1.33779379905e+11,136279
2015-05-04,'000002,万  科Ａ,14.55,14.79,14.4,14.62,14.6,-0.05,-0.3425,3.1824,309176805,4513107970.39,1.60720872579e+11,1.4135729685e+11,101260
2015-04-30,'000002,万  科Ａ,14.6,14.93,14.21,14.33,14.24,0.36,2.5281,5.5701,541148626,7892159679.89,1.61273177983e+11,1.41843060756e+11,173932
2015-04-29,'000002,万  科Ａ,14.24,14.43,13.93,14.07,14.19,0.05,0.3524,2.8546,277332899,3925805255.1,1.57296579073e+11,1.38345560628e+11,99208
2015-04-28,'000002,万  科Ａ,14.19,14.66,14.11,14.65,14.7,-0.51,-3.4694,3.9793,386603904,5550367915.54,1.56744273669e+11,1.37859796721e+11,133145
2015-04-27,'000002,万  科Ａ,14.7,14.7,14.3,14.41,14.42,0.28,1.9417,4.3495,422562029,6143012584.43,1.62377788791e+11,1.4281458857e+11,147702
2015-04-24,'000002,万  科Ａ,14.42,14.7,14.15,14.48,14.76,-0.34,-2.3035,3.7269,362066189,5206488303.48,1.59278237974e+11,1.40087670138e+11,144653
2015-04-23,'000002,万  科Ａ,14.76,15.25,14.65,15.15,14.88,-0.12,-0.8065,4.8558,471733124,7047246169.27,1.63033758148e+11,1.4339070813e+11,173268
2015-04-22,'000002,万  科Ａ,14.88,14.92,14.41,14.5,14.48,0.4,2.7624,4.5999,446876301,6569892992.28,1.64359235856e+11,1.44556486245e+11,160233
2015-04-21,'000002,万  科Ａ,14.48,14.55,14.02,14.16,14.21,0.27,1.9001,3.8531,374324313,5334591203.29,1.59940976828e+11,1.40670559196e+11,124149
2015-04-20,'000002,万  科Ａ,14.21,15.1,14.19,14.78,14.67,-0.46,-3.1357,6.1073,593316479,8718400379.0,1.56958651984e+11,1.38047558437e+11,219108
2015-04-17,'000002,万  科Ａ,14.67,14.92,14.31,14.52,14.3,0.37,2.5874,6.0177,584609275,8532838451.75,1.62039649867e+11,1.42516374544e+11,212033
2015-04-16,'000002,万  科Ａ,14.3,14.3,13.77,13.84,13.9,0.4,2.8777,3.4445,334623330,4722539689.76,1.57952760265e+11,1.38921892023e+11,131175
2015-04-15,'000002,万  科Ａ,13.9,14.18,13.81,14.1,14.12,-0.22,-1.5581,2.8657,278402259,3903055574.57,1.53534501237e+11,1.35035964974e+11,128938
2015-04-14,'000002,万  科Ａ,14.12,14.46,14.0,14.33,14.37,-0.25,-1.7397,3.373,327675989,4665719570.46,1.55964543703e+11,1.37173224851e+11,151372
2015-04-13,'000002,万  科Ａ,14.37,14.62,14.22,14.42,14.32,0.05,0.3492,4.1939,407430546,5872259621.91,1.58725955595e+11,1.39601929257e+11,171310
2015-04-10,'000002,万  科Ａ,14.32,14.47,14.07,14.28,14.64,-0.32,-2.1858,4.3737,424894210,6067355188.04,1.58173673217e+11,1.39116188376e+11,181495
2015-04-09,'000002,万  科Ａ,14.64,14.82,13.51,13.83,13.82,0.82,5.9334,7.3821,717154662,10099959939.0,1.61708280439e+11,1.42224930015e+11,298426
2015-04-08,'000002,万  科Ａ,13.82,13.92,13.41,13.72,13.72,0.1,0.7289,4.6216,448981516,6141003057.92,1.52650849431e+11,1.34258779564e+11,184323
2015-04-07,'000002,万  科Ａ,13.72,13.73,13.37,13.48,13.45,0.27,2.0074,3.8634,375319504,5085149507.2,1.51546284674e+11,1.33287297801e+11,161880
2015-04-03,'000002,万  科Ａ,13.45,13.48,13.19,13.41,13.59,-0.14,-1.0302,3.6703,356563188,4752984918.21,1.4856395983e+11,1.30664297043e+11,167544
2015-04-02,'000002,万  科Ａ,13.59,13.92,13.43,13.76,13.72,-0.13,-0.9475,3.2932,319924638,4366632762.56,1.5011035049e+11,1.3202437151e+11,150572
2015-04-01,'000002,万  科Ａ,13.72,13.86,13.47,13.73,13.82,-0.1,-0.7236,3.8684,375803467,5137432527.52,1.51546284674e+11,1.33287297801e+11,159060
2015-03-31,'000002,万  科Ａ,13.82,14.97,13.65,14.85,14.24,-0.42,-2.9494,7.7011,748147370,10756474835.4,1.52650849431e+11,1.34258779564e+11,332124
2015-03-30,'000002,万  科Ａ,14.24,14.48,13.18,13.4,13.35,0.89,6.6667,6.5567,636164786,8775743857.38,1.57290021411e+11,1.38164077638e+11,234635
2015-03-27,'000002,万  科Ａ,13.35,13.35,13.02,13.18,12.95,0.4,3.0888,3.5471,344158989,4549707338.66,1.47459395073e+11,1.29528822786e+11,130993
2015-03-26,'000002,万  科Ａ,12.95,13.05,12.57,12.69,12.78,0.17,1.3302,2.1541,209000774,2680422982.7,1.43041136044e+11,1.25647809369e+11,86500
2015-03-25,'000002,万  科Ａ,12.78,13.04,12.69,13.04,13.05,-0.27,-2.069,2.1373,207376123,2661617331.67,1.41163375957e+11,1.23998378667e+11,102081
2015-03-24,'000002,万  科Ａ,13.05,13.38,12.86,13.37,13.36,-0.31,-2.3204,2.7376,265616943,3473050234.7,1.44145700802e+11,1.26618062723e+11,125914
2015-03-23,'000002,万  科Ａ,13.36,13.65,13.26,13.3,13.14,0.22,1.6743,3.4152,331361197,4458518478.89,1.47569851549e+11,1.29625848121e+11,138217
2015-03-20,'000002,万  科Ａ,13.14,13.35,12.78,12.95,12.87,0.27,2.0979,3.6011,349401617,4561069481.61,1.45139809083e+11,1.27491290742e+11,132385
2015-03-19,'000002,万  科Ａ,12.87,13.08,12.76,13.08,13.14,-0.27,-2.0548,2.1951,212978891,2747447123.48,1.42157484239e+11,1.24871606686e+11,97082
2015-03-18,'000002,万  科Ａ,13.14,13.2,12.65,12.65,12.63,0.51,4.038,2.9842,289546776,3741534009.33,1.45139809083e+11,1.27491290742e+11,115544
2015-03-17,'000002,万  科Ａ,12.63,12.74,12.51,12.59,12.49,0.14,1.1209,2.1936,212834913,2687890542.52,1.39506528822e+11,1.22542998635e+11,86407
2015-03-16,'000002,万  科Ａ,12.49,12.53,12.26,12.36,12.23,0.26,2.1259,1.8076,175378183,2175852220.44,1.37960138162e+11,1.2118464394e+11,75879
2015-03-13,'000002,万  科Ａ,12.23,12.4,12.16,12.27,12.22,0.01,0.0818,1.375,133406973,1637333046.03,1.35088269793e+11,1.18661985219e+11,59768
2015-03-12,'000002,万  科Ａ,12.22,12.29,11.96,12.06,11.93,0.29,2.4308,1.8745,181872852,2208554386.22,1.34977813318e+11,1.18564959883e+11,80267
2015-03-11,'000002,万  科Ａ,11.93,12.2,11.87,12.02,12.02,-0.09,-0.7488,1.1891,115373366,1388717742.34,1.31774575522e+11,1.15751225156e+11,53551
2015-03-10,'000002,万  科Ａ,12.02,12.16,11.97,12.09,12.22,-0.2,-1.6367,1.1101,107710986,1297837470.25,1.32768683803e+11,1.16624453175e+11,52559
2015-03-09,'000002,万  科Ａ,12.22,12.36,11.53,11.8,11.94,0.28,2.3451,2.1069,204422896,2433768357.34,1.34977813318e+11,1.18564959883e+11,91747
2015-03-06,'000002,万  科Ａ,11.94,12.13,11.88,11.9,11.9,0.04,0.3361,1.1389,110503684,1324128276.49,1.31885031998e+11,1.15848250491e+11,52250
2015-03-05,'000002,万  科Ａ,11.9,12.16,11.81,12.09,12.22,-0.32,-2.6187,1.8488,179378693,2147302377.43,1.31443206095e+11,1.1546014915e+11,96045
2015-03-04,'000002,万  科Ａ,12.22,12.38,12.04,12.2,12.2,0.02,0.1639,1.6976,164713763,2005295679.16,1.34977813318e+11,1.18564959883e+11,76261
2015-03-03,'000002,万  科Ａ,12.2,12.63,12.16,12.62,12.77,-0.57,-4.4636,2.4381,236553541,2928813417.6,1.34756900366e+11,1.18370909212e+11,112696
2015-03-02,'000002,万  科Ａ,12.77,13.1,12.63,13.02,12.75,0.02,0.1569,3.3343,322563394,4151867606.85,1.40687932424e+11,1.23536366274e+11,107280
2015-02-27,'000002,万  科Ａ,12.75,12.97,12.69,12.77,12.85,-0.1,-0.7782,1.2883,124631861,1594683038.16,1.40467591105e+11,1.23342887235e+11,46403
2015-02-26,'000002,万  科Ａ,12.85,12.85,12.35,12.4,12.4,0.45,3.629,1.7922,173376273,2189347870.82,1.41569297702e+11,1.24310282429e+11,57285
2015-02-25,'000002,万  科Ａ,12.4,12.77,12.33,12.77,12.77,-0.37,-2.8974,1.5485,149805183,1867537060.43,1.36611618016e+11,1.19957004056e+11,55409
2015-02-17,'000002,万  科Ａ,12.77,12.83,12.62,12.71,12.64,0.13,1.0285,1.2392,119878310,1525915122.61,1.40687932424e+11,1.23536366274e+11,39460
2015-02-16,'000002,万  科Ａ,12.64,12.76,12.53,12.66,12.76,-0.12,-0.9404,1.3522,130814481,1650830647.73,1.39255713848e+11,1.22278752522e+11,45145
2015-02-13,'000002,万  科Ａ,12.76,13.01,12.33,12.54,12.47,0.29,2.3256,2.0344,196804327,2503342411.83,1.40577761764e+11,1.23439626754e+11,71037
2015-02-12,'000002,万  科Ａ,12.47,12.55,12.2,12.41,12.41,0.06,0.4835,0.9254,89526728,1109421118.52,1.37382812633e+11,1.20634180692e+11,34972
2015-02-11,'000002,万  科Ａ,12.41,12.64,12.34,12.5,12.42,-0.01,-0.0805,0.9079,87832923,1095982272.41,1.36721788675e+11,1.20053743575e+11,39311
2015-02-10,'000002,万  科Ａ,12.42,12.47,12.05,12.11,12.18,0.24,1.9704,1.1138,107745646,1331390480.12,1.36831959335e+11,1.20150483095e+11,41841
2015-02-09,'000002,万  科Ａ,12.18,12.33,11.74,12.03,12.16,0.02,0.1645,1.3211,127802405,1545255545.7,1.34187863502e+11,1.17828734629e+11,47872
2015-02-06,'000002,万  科Ａ,12.16,12.62,11.98,12.62,12.7,-0.54,-4.252,3.2698,316318643,3875290938.25,1.33967522183e+11,1.1763525559e+11,113566
2015-02-05,'000002,万  科Ａ,12.7,13.53,12.68,13.39,12.8,-0.1,-0.7813,3.2669,316036059,4154456491.57,1.39916737806e+11,1.22859189638e+11,99564
2015-02-04,'000002,万  科Ａ,12.8,13.16,12.77,12.9,12.96,-0.16,-1.2346,1.7168,166087204,2153610323.39,1.41018444403e+11,1.23826584832e+11,58115
2015-02-03,'000002,万  科Ａ,12.96,13.13,12.3,12.91,12.88,0.08,0.6211,3.0359,293687163,3721989136.25,1.42781174958e+11,1.25374417142e+11,102920
2015-02-02,'000002,万  科Ａ,12.88,13.39,12.48,12.79,13.12,-0.24,-1.8293,2.0434,197676082,2560710637.13,1.41899809681e+11,1.24600500987e+11,76222
2015-01-30,'000002,万  科Ａ,13.12,13.49,12.8,13.09,13.01,0.11,0.8455,2.1669,209624706,2753102012.15,1.44543905513e+11,1.26922249453e+11,79862
2015-01-29,'000002,万  科Ａ,13.01,13.17,12.62,12.7,13.0,0.01,0.0769,1.5178,146830314,1903301553.49,1.43332028257e+11,1.25858114739e+11,60351
2015-01-28,'000002,万  科Ａ,13.0,13.27,12.88,13.11,13.18,-0.18,-1.3657,1.6144,156174324,2035823385.93,1.43221857597e+11,1.2576137522e+11,67768
2015-01-27,'000002,万  科Ａ,13.18,13.72,12.86,13.67,13.7,-0.52,-3.7956,2.8985,280401840,3704808999.09,1.45204929471e+11,1.27502686569e+11,115240
2015-01-26,'000002,万  科Ａ,13.7,14.0,13.44,13.99,13.92,-0.22,-1.5805,2.2356,216268529,2957275790.0,1.50933803775e+11,1.32533141578e+11,84353
2015-01-23,'000002,万  科Ａ,13.92,14.09,13.3,13.57,13.58,0.34,2.5037,3.422,331040858,4561752499.13,1.53357558288e+11,1.34661411005e+11,98061
2015-01-22,'000002,万  科Ａ,13.58,13.65,12.92,13.02,13.05,0.53,4.0613,3.3334,322472724,4326297782.98,1.49611755859e+11,1.31372267345e+11,90710
2015-01-21,'000002,万  科Ａ,13.05,13.2,12.1,12.33,12.35,0.7,5.668,3.6751,355529415,4554004052.85,1.43772710895e+11,1.26245072817e+11,116485
2015-01-20,'000002,万  科Ａ,12.35,12.6,12.06,12.2,12.17,0.18,1.479,3.0129,291468879,3604938308.25,1.36060764717e+11,1.19473306459e+11,93631
2015-01-19,'000002,万  科Ａ,12.17,12.9,12.17,12.5,13.52,-1.35,-9.9852,3.7251,360362565,4483884648.33,1.34077692843e+11,1.1773199511e+11,118990
2015-01-16,'000002,万  科Ａ,13.52,13.77,13.39,13.77,13.77,-0.25,-1.8155,2.2012,212947597,2892247312.37,1.48950731901e+11,1.30791830229e+11,78120
2015-01-15,'000002,万  科Ａ,13.77,13.83,13.0,13.13,13.1,0.67,5.1145,2.5116,242968664,3265535900.29,1.51704998393e+11,1.33210318214e+11,87587
2015-01-14,'000002,万  科Ａ,13.1,13.3,12.87,13.07,13.07,0.03,0.2295,1.7023,164681802,2160267868.0,1.44323564194e+11,1.26728770414e+11,53864
2015-01-13,'000002,万  科Ａ,13.07,13.38,12.97,13.05,13.12,-0.05,-0.3811,1.7207,166461033,2187988117.96,1.43993052215e+11,1.26438551856e+11,58166
2015-01-12,'000002,万  科Ａ,13.12,13.32,12.75,13.32,13.45,-0.33,-2.4535,2.5185,243634136,3180962981.2,1.44543905513e+11,1.26922249453e+11,90585
2015-01-09,'000002,万  科Ａ,13.45,14.22,13.29,13.54,13.59,-0.14,-1.0302,3.4056,329458430,4521978433.18,1.48179537283e+11,1.30114653593e+11,115193
2015-01-08,'000002,万  科Ａ,13.59,14.37,13.46,14.32,14.23,-0.64,-4.4975,2.7284,263939418,3629554235.76,1.49721926519e+11,1.31469006865e+11,108081
2015-01-07,'000002,万  科Ａ,14.23,14.5,14.0,14.26,14.36,-0.13,-0.9053,2.7311,264205133,3772150818.76,1.56772848739e+11,1.37660336106e+11,91329
2015-01-06,'000002,万  科Ａ,14.36,14.99,14.05,14.6,14.91,-0.55,-3.6888,3.4591,334634683,4839615982.48,1.58205067315e+11,1.38917949858e+11,123274
2015-01-05,'000002,万  科Ａ,14.91,15.29,14.22,14.39,13.9,1.01,7.2662,6.782,656083570,9700711839.6,1.64264453598e+11,1.44238623425e+11,185938
