日期,股票代码,名称,收盘价,最高价,最低价,开盘价,前收盘,涨跌额,涨跌幅,换手率,成交量,成交金额,总市值,流通市值,成交笔数
2016-01-08,'000004,国农科技,35.48,36.5,31.73,35.13,35.26,0.22,0.6239,3.669,3077465,107197211.39,2979492748.32,2975962488.32,4757
2016-01-07,'000004,国农科技,35.26,38.5,35.26,38.5,39.18,-3.92,-10.0051,0.5447,456900,16516715.0,2961017877.84,2957509507.84,724
2016-01-06,'000004,国农科技,39.18,40.0,38.0,38.6,38.68,0.5,1.2927,2.5213,2114757,82579991.77,3290206479.12,3286308069.12,3426
2016-01-05,'000004,国农科技,38.68,40.89,37.18,37.5,41.31,-2.63,-6.3665,4.6302,3883664,150534891.45,3248218137.12,3244369477.12,4725
2016-01-04,'000004,国农科技,41.31,46.6,41.31,45.9,45.9,-4.59,-10.0,2.7223,2283380,97674865.76,3469076816.04,3464966471.04,3190
2015-12-31,'000004,国农科技,45.9,48.3,45.5,47.69,47.7,-1.8,-3.7736,2.6959,2261252,104941749.61,3854529795.6,3849962745.6,3754
2015-12-30,'000004,国农科技,47.7,48.77,46.92,46.92,46.88,0.82,1.7491,1.8612,1561149,74747310.55,4005687826.8,4000941676.8,2913
2015-12-29,'000004,国农科技,46.88,47.49,44.96,47.0,47.33,-0.45,-0.9508,2.3369,1960147,90618873.32,3936826945.92,3932162385.92,3336
2015-12-28,'000004,国农科技,47.33,49.96,46.97,49.5,49.44,-2.11,-4.2678,2.6891,2255561,108919177.15,3974616453.72,3969907118.72,4173
2015-12-25,'000004,国农科技,49.44,51.6,48.6,49.8,49.8,-0.36,-0.7229,2.2578,1893786,94644811.14,4151807256.96,4146887976.96,3652
2015-12-24,'000004,国农科技,49.8,50.57,48.2,50.19,50.6,-0.8,-1.581,2.9675,2489041,122450089.17,4182038863.2,4177083763.2,4117
2015-12-23,'000004,国农科技,50.6,52.83,48.55,49.4,49.88,0.72,1.4435,6.3749,5347089,272762473.41,4249220210.4,4244185510.4,8253
2015-12-22,'000004,国农科技,49.88,49.88,45.01,45.71,46.01,3.87,8.4112,4.8715,4086071,193917880.11,4188756997.92,4183793937.92,6303
2015-12-21,'000004,国农科技,46.01,46.5,45.22,46.0,45.99,0.02,0.0435,2.5988,2179806,100230876.24,3863767230.84,3859189235.84,3685
2015-12-18,'000004,国农科技,45.99,47.19,44.85,46.75,46.88,-0.89,-1.8985,3.7492,3144689,144360226.32,3862087697.16,3857511692.16,5249
2015-12-17,'000004,国农科技,46.88,48.23,45.97,46.03,47.02,-0.14,-0.2977,4.4539,3735847,175353333.74,3936826945.92,3932162385.92,6036
2015-12-16,'000004,国农科技,47.02,49.44,46.6,47.63,47.61,-0.59,-1.2392,2.9325,2459669,117813198.01,3948583681.68,3943905191.68,4685
2015-12-15,'000004,国农科技,47.61,47.99,44.0,44.2,44.32,3.29,7.4233,3.9964,3352039,155108423.62,3998129925.24,3993392730.24,4648
2015-12-14,'000004,国农科技,44.32,45.03,43.03,45.03,45.58,-1.26,-2.7644,3.0036,2519318,110978996.43,3721846634.88,3717436794.88,3740
2015-12-11,'000004,国农科技,45.58,47.73,45.5,47.5,48.1,-2.52,-5.2391,3.901,3272078,151606667.1,3827657256.72,3823122046.72,5365
2015-12-10,'000004,国农科技,48.1,49.33,44.53,44.85,44.85,3.25,7.2464,7.2891,6113912,290349540.9,4039278500.4,4034492550.4,7696
2015-12-09,'000004,国农科技,44.85,45.78,42.24,42.9,42.97,1.88,4.3751,5.6076,4703492,208223687.32,3766354277.4,3761891702.4,5599
2015-12-08,'000004,国农科技,42.97,43.97,40.6,41.8,42.52,0.45,1.0583,4.2327,3550288,150288829.55,3608478111.48,3604202596.48,4971
2015-12-07,'000004,国农科技,42.52,44.13,39.31,40.0,40.12,2.4,5.9821,6.7532,5664431,240046059.74,3570688603.68,3566457863.68,6083
2015-12-04,'000004,国农科技,40.12,40.62,39.01,39.13,39.4,0.72,1.8274,4.2062,3528008,140870182.64,3369144562.08,3365152622.08,4222
2015-12-03,'000004,国农科技,39.4,39.79,38.0,38.9,38.82,0.58,1.4941,2.5843,2167644,84350048.73,3308681349.6,3304761049.6,3179
2015-12-02,'000004,国农科技,38.82,40.97,36.71,40.1,40.51,-1.69,-4.1718,4.416,3703994,142878681.12,3259974872.88,3256112282.88,4112
2015-12-01,'000004,国农科技,40.51,41.66,39.33,39.8,39.84,0.67,1.6817,4.1021,3440741,140701229.47,3401895468.84,3397864723.84,4209
2015-11-30,'000004,国农科技,39.84,40.1,35.65,37.22,37.19,2.65,7.1256,5.0577,4242293,162207873.98,3345631090.56,3341667010.56,4441
2015-11-27,'000004,国农科技,37.19,40.49,36.5,40.4,39.98,-2.79,-6.9785,3.2125,2694567,103674580.75,3123092877.96,3119392472.96,4087
2015-11-26,'000004,国农科技,39.98,42.1,39.9,40.42,40.4,-0.42,-1.0396,3.2698,2742633,111835019.58,3357387826.32,3353409816.32,3432
2015-11-25,'000004,国农科技,40.4,41.2,39.05,39.33,39.35,1.05,2.6684,3.2059,2688989,108142512.56,3392658033.6,3388638233.6,3441
2015-11-24,'000004,国农科技,39.35,39.78,38.41,39.54,39.5,-0.15,-0.3797,3.3869,2840818,110347077.99,3304482515.4,3300567190.4,3658
2015-11-23,'000004,国农科技,39.5,41.68,39.37,41.5,41.8,-2.3,-5.5024,4.7584,3991212,161504855.43,3317079018.0,3313148768.0,4791
2015-11-20,'000004,国农科技,41.8,42.68,39.3,39.78,39.84,1.96,4.9197,4.637,3889406,161783056.88,3510225391.2,3506066291.2,5106
2015-11-19,'000004,国农科技,39.84,40.29,38.14,38.61,38.64,1.2,3.1056,4.2598,3573039,142188361.31,3345631090.56,3341667010.56,4502
2015-11-18,'000004,国农科技,38.64,40.34,36.69,36.9,36.98,1.66,4.4889,5.7548,4826944,188053605.2,3244859069.76,3241014389.76,5812
2015-11-17,'000004,国农科技,36.98,37.78,36.75,36.78,37.0,-0.02,-0.0541,3.0129,2527141,94005106.96,3105457774.32,3101778264.32,2997
2015-11-16,'000004,国农科技,37.0,37.56,35.11,35.9,36.8,0.2,0.5435,2.4748,2075759,76190203.64,3107137308.0,3103455808.0,2426
2015-11-13,'000004,国农科技,36.8,38.68,35.61,38.05,38.43,-1.63,-4.2415,3.2058,2688941,99855314.79,3090341971.2,3086680371.2,3274
2015-11-12,'000004,国农科技,38.43,39.0,37.26,38.58,38.4,0.03,0.0781,3.5101,2944185,112248247.5,3227223966.12,3223400181.12,3781
2015-11-11,'000004,国农科技,38.4,38.97,37.4,37.4,37.4,1.0,2.6738,4.4127,3701239,141996216.11,3224704665.6,3220883865.6,3900
2015-11-10,'000004,国农科技,37.4,39.35,36.22,36.91,37.29,0.11,0.295,6.4158,5381394,203570089.31,3140727981.6,3137006681.6,6308
2015-11-09,'000004,国农科技,37.29,37.29,32.88,33.58,33.9,3.39,10.0,9.0661,7604406,272240961.14,3131490546.36,3127780191.36,6915
2015-11-06,'000004,国农科技,33.9,34.28,33.0,33.3,33.4,0.5,1.497,4.5659,3829714,129091890.94,2846809587.6,2843436537.6,3878
2015-11-05,'000004,国农科技,33.4,34.19,33.02,33.5,33.16,0.24,0.7238,4.4294,3715242,125116406.92,2804821245.6,2801497945.6,4420
2015-11-04,'000004,国农科技,33.16,33.33,31.07,31.51,31.64,1.52,4.804,3.8013,3188389,104021385.73,2784666841.44,2781367421.44,3864
2015-11-03,'000004,国农科技,31.64,32.0,31.0,31.41,31.31,0.33,1.054,2.4165,2026890,63892581.7,2657022281.76,2653874101.76,2183
2015-11-02,'000004,国农科技,31.31,32.52,30.88,31.5,32.5,-1.19,-3.6615,2.5306,2122628,67471126.41,2629309976.04,2626194631.04,2557
2015-10-30,'000004,国农科技,32.5,33.5,31.73,32.51,32.87,-0.37,-1.1256,2.464,2066730,67076809.38,2729242230.0,2726008480.0,3011
2015-10-29,'000004,国农科技,32.87,33.57,32.23,33.57,32.1,0.77,2.3988,3.4476,2891722,95103135.97,2760313603.08,2757043038.08,3796
2015-10-28,'000004,国农科技,32.1,32.78,31.7,32.05,32.27,-0.17,-0.5268,3.9146,3283471,106079360.68,2695651556.4,2692457606.4,3544
2015-10-27,'000004,国农科技,32.27,32.29,29.88,32.0,32.27,0.0,0.0,3.7886,3177740,99410157.1,2709927592.68,2706716727.68,3826
2015-10-26,'000004,国农科技,32.27,33.19,31.13,32.9,32.59,-0.32,-0.9819,4.3874,3680043,118186075.59,2709927592.68,2706716727.68,4686
2015-10-23,'000004,国农科技,32.59,33.2,31.5,32.13,31.6,0.99,3.1329,5.4463,4568172,148545900.99,2736800131.56,2733557426.56,4888
2015-10-22,'000004,国农科技,31.6,31.8,30.03,30.03,30.06,1.54,5.1231,6.2102,5208908,161325740.32,2653663214.4,2650519014.4,5518
2015-10-21,'000004,国农科技,30.06,33.9,30.06,33.9,33.4,-3.34,-10.0,7.4849,6278102,197449617.4,2524339121.04,2521348151.04,7338
2015-10-20,'000004,国农科技,33.4,34.33,32.21,32.41,33.03,0.37,1.1202,7.134,5983785,200718583.13,2804821245.6,2801497945.6,6708
2015-10-19,'000004,国农科技,33.03,33.32,29.95,30.89,31.13,1.9,6.1034,9.5196,7984790,247073983.59,2773749872.52,2770463387.52,9211
2015-10-16,'000004,国农科技,31.13,31.58,30.01,30.01,29.43,1.7,5.7764,7.4886,6281199,193476364.07,2614194172.92,2611096737.92,6370
2015-10-15,'000004,国农科技,29.43,29.58,27.91,27.91,28.07,1.36,4.845,5.0921,4271140,124484101.62,2471433810.12,2468505525.12,4781
2015-10-14,'000004,国农科技,28.07,29.0,28.02,28.82,29.11,-1.04,-3.5727,3.3724,2828668,80583744.68,2357225519.88,2354432554.88,3673
2015-10-13,'000004,国农科技,29.11,29.23,27.91,28.8,28.91,0.2,0.6918,4.9336,4138183,118338641.99,2444561271.24,2441664826.24,5287
2015-10-12,'000004,国农科技,28.91,29.49,27.15,27.45,27.41,1.5,5.4725,5.295,4441278,126663654.62,2427765934.44,2424889389.44,5638
2015-10-09,'000004,国农科技,27.41,27.75,26.15,26.4,26.31,1.1,4.1809,5.1287,4301815,116423361.57,2301800908.44,2299073613.44,5711
2015-10-08,'000004,国农科技,26.31,26.85,25.98,26.63,25.36,0.95,3.7461,3.8127,3197967,84773772.59,2209426556.04,2206808711.04,4317
2015-09-30,'000004,国农科技,25.36,25.8,25.0,25.53,25.48,-0.12,-0.471,2.0909,1753800,44538432.0,2129648706.24,2127125386.24,2183
2015-09-29,'000004,国农科技,25.48,26.0,25.28,25.6,26.34,-0.86,-3.265,2.6605,2231542,57299018.17,2139725908.32,2137190648.32,2881
2015-09-28,'000004,国农科技,26.34,26.86,24.6,25.21,25.19,1.15,4.5653,3.516,2949160,76239862.61,2211945856.56,2209325026.56,4071
2015-09-25,'000004,国农科技,25.19,26.66,24.53,26.42,26.5,-1.31,-4.9434,4.0427,3390895,86698888.05,2115372669.96,2112866264.96,4652
2015-09-24,'000004,国农科技,26.5,27.98,26.0,27.3,26.85,-0.35,-1.3035,6.4716,5428233,145811192.9,2225382126.0,2222745376.0,5951
2015-09-23,'000004,国农科技,26.85,27.77,25.1,25.1,26.09,0.76,2.913,5.0189,4209712,110541375.27,2254773965.4,2252102390.4,5559
2015-09-22,'000004,国农科技,26.09,26.95,25.71,25.9,25.95,0.14,0.5395,4.0587,3404303,89449187.23,2190951685.56,2188355730.56,4474
2015-09-21,'000004,国农科技,25.95,26.1,24.19,24.69,25.0,0.95,3.8,3.9805,3338716,85376063.12,2179194949.8,2176612924.8,4375
2015-09-18,'000004,国农科技,25.0,25.89,24.19,25.33,25.33,-0.33,-1.3028,3.4701,2910600,73073755.16,2099417100.0,2096929600.0,4388
2015-09-17,'000004,国农科技,25.33,27.35,25.03,26.26,26.5,-1.17,-4.4151,6.5533,5496712,143942370.5,2127129405.72,2124609070.72,7361
2015-09-16,'000004,国农科技,26.5,26.51,23.0,24.1,24.1,2.4,9.9585,6.1753,5179654,129698281.35,2225382126.0,2222745376.0,6175
2015-09-15,'000004,国农科技,24.1,25.8,24.1,25.42,26.78,-2.68,-10.0075,5.133,4305380,106280076.28,2023838084.4,2021440134.4,5137
2015-09-14,'000004,国农科技,26.78,30.15,26.78,29.98,29.75,-2.97,-9.9832,4.2962,3603549,101235244.65,2248895597.52,2246230987.52,5692
2015-09-11,'000004,国农科技,29.75,30.81,28.26,29.76,30.12,-0.37,-1.2284,6.0279,5056023,149091213.0,2498306349.0,2495346224.0,7161
2015-09-10,'000004,国农科技,30.12,31.47,28.87,29.44,30.17,-0.05,-0.1657,6.0462,5071379,152422333.79,2529377722.08,2526380782.08,7516
2015-09-09,'000004,国农科技,30.17,30.82,29.3,29.55,29.3,0.87,2.9693,6.6203,5552910,166728575.93,2533576556.28,2530574641.28,7355
2015-09-08,'000004,国农科技,29.3,29.74,26.76,26.9,27.05,2.25,8.3179,5.4135,4540664,127943793.91,2460516841.2,2457601491.2,6221
2015-09-07,'000004,国农科技,27.05,28.3,26.58,26.88,26.13,0.92,3.5209,5.3897,4520747,123590553.57,2271569302.2,2268877827.2,6348
2015-09-02,'000004,国农科技,26.13,30.5,25.95,27.0,28.76,-2.63,-9.1446,7.4852,6278363,175093971.57,2194310752.92,2191710817.92,8327
2015-09-01,'000004,国农科技,28.76,32.18,28.76,32.18,31.96,-3.2,-10.0125,6.4986,5450801,161073432.38,2415169431.84,2412307811.84,7015
2015-08-31,'000004,国农科技,31.96,34.65,31.96,34.65,35.51,-3.55,-9.9972,7.0435,5907926,197879732.29,2683894820.64,2680714800.64,9494
2015-08-28,'000004,国农科技,35.51,36.58,32.88,34.68,33.66,1.85,5.4961,11.0065,9231951,315723769.25,2982012048.84,2978478803.84,13074
2015-08-27,'000004,国农科技,33.66,33.66,31.0,31.53,30.6,3.06,10.0,10.7825,9044089,292113365.53,2826655183.44,2823306013.44,10610
2015-08-26,'000004,国农科技,30.6,31.03,28.22,28.7,28.21,2.39,8.4722,11.9212,9999126,301660869.0,2569686530.4,2566641830.4,9674
2015-08-25,'000004,国农科技,28.21,32.29,27.88,29.22,30.98,-2.77,-8.9413,9.9645,8357918,252447221.94,2368982255.64,2366175360.64,8846
2015-08-24,'000004,国农科技,30.98,34.2,30.98,32.02,34.42,-3.44,-9.9942,8.475,7108563,224633246.68,2601597670.32,2598515160.32,6210
2015-08-21,'000004,国农科技,34.42,36.4,33.12,33.9,34.4,0.02,0.0581,6.8994,5786986,202997077.3,2890477463.28,2887052673.28,6682
2015-08-20,'000004,国农科技,34.4,37.75,34.4,37.27,37.92,-3.52,-9.2827,4.0116,3364822,121907125.85,2888797929.6,2885375129.6,4905
2015-08-19,'000004,国农科技,37.92,38.99,34.82,36.2,37.5,0.42,1.12,6.0787,5098673,189206671.7,3184395857.28,3180622817.28,6183
2015-08-18,'000004,国农科技,37.5,41.56,37.5,41.0,41.67,-4.17,-10.0072,7.7514,6501641,253170705.54,3149125650.0,3145394400.0,7903
2015-08-17,'000004,国农科技,41.67,42.77,39.8,41.23,42.1,-0.43,-1.0214,6.7931,5697859,233122579.61,3499308422.28,3495162257.28,8815
2015-08-14,'000004,国农科技,42.1,45.55,40.69,45.1,44.39,-2.29,-5.1588,9.3599,7850780,336172374.72,3535418396.4,3531229446.4,12512
2015-08-13,'000004,国农科技,44.39,46.0,40.7,42.69,42.87,1.52,3.5456,8.1204,6811143,301133045.24,3727725002.76,3723308197.76,9807
2015-08-12,'000004,国农科技,42.87,45.1,40.4,41.31,42.51,0.36,0.8469,8.7451,7335108,313952384.32,3600080443.08,3595814878.08,11459
2015-08-11,'000004,国农科技,42.51,43.07,38.01,38.72,39.15,3.36,8.5824,11.3962,9558834,385939606.58,3569848836.84,3565619091.84,12775
2015-08-10,'000004,国农科技,39.15,40.93,38.31,38.31,37.22,1.93,5.1854,9.5499,8010150,314605568.29,3287687178.6,3283791753.6,11288
2015-08-07,'000004,国农科技,37.22,37.22,32.37,34.0,33.84,3.38,9.9882,11.6256,9751251,348614860.83,3125612178.48,3121908788.48,8996
2015-08-06,'000004,国农科技,33.84,34.8,31.6,31.6,32.95,0.89,2.7011,8.9344,7493926,253156494.8,2841770986.56,2838403906.56,9928
2015-08-05,'000004,国农科技,32.95,34.8,32.05,32.8,31.71,1.24,3.9104,12.0218,10083543,337392678.7,2767031737.8,2763753212.8,11579
2015-08-04,'000004,国农科技,31.71,31.9,29.7,30.4,29.7,2.01,6.7677,5.8091,4872506,150314886.13,2662900649.64,2659745504.64,5109
2015-08-03,'000004,国农科技,29.7,29.7,28.05,28.99,29.45,0.25,0.8489,6.2297,5225284,150982729.6,2494107514.8,2491152364.8,4336
2015-07-31,'000004,国农科技,29.45,29.79,27.81,28.0,29.01,0.44,1.5167,4.9678,4166892,119701803.9,2473113343.8,2470183068.8,3753
2015-07-30,'000004,国农科技,29.01,30.15,27.64,27.64,28.35,0.66,2.328,8.441,7080060,207548733.36,2436163602.84,2433277107.84,6605
2015-07-29,'000004,国农科技,28.35,28.35,26.01,26.97,26.17,2.18,8.3301,8.1686,6851550,185620094.78,2380738991.4,2377918166.4,7041
2015-07-28,'000004,国农科技,26.17,28.98,26.17,26.21,29.08,-2.91,-10.0069,9.2002,7716847,205461660.0,2197669820.28,2195065905.28,7280
2015-07-27,'000004,国农科技,29.08,32.3,29.08,31.39,32.31,-3.23,-9.9969,5.7016,4782376,146817530.44,2442041970.72,2439148510.72,5651
2015-07-24,'000004,国农科技,32.31,34.49,32.08,33.97,33.66,-1.35,-4.0107,7.417,6221166,206636907.45,2713286660.04,2710071815.04,8339
2015-07-23,'000004,国农科技,33.66,34.2,31.9,32.78,32.74,0.92,2.81,7.4167,6220908,206162556.33,2826655183.44,2823306013.44,7950
2015-07-22,'000004,国农科技,32.74,33.0,31.5,31.99,32.45,0.29,0.8937,6.6651,5590511,180879229.09,2749396634.16,2746139004.16,6976
2015-07-21,'000004,国农科技,32.45,33.69,31.18,32.43,32.82,-0.37,-1.1274,6.7575,5667974,184250394.54,2725043395.8,2721814620.8,7535
2015-07-20,'000004,国农科技,32.82,34.5,31.6,33.0,32.21,0.61,1.8938,11.3831,9547852,315484779.36,2756114768.88,2752849178.88,19994
2015-07-17,'000004,国农科技,32.21,33.49,30.7,31.0,30.69,1.52,4.9528,8.2188,6893685,224282231.54,2704888991.64,2701684096.64,15234
2015-07-16,'000004,国农科技,30.69,31.83,26.39,27.2,29.28,1.41,4.8156,7.1875,6028652,179978387.27,2577244431.96,2574190776.96,6266
2015-07-15,'000004,国农科技,29.28,32.29,29.28,31.5,32.53,-3.25,-9.9908,6.097,5113972,154481441.9,2458837307.52,2455923947.52,4435
2015-07-14,'000004,国农科技,32.53,32.53,30.5,32.38,29.57,2.96,10.0101,11.2021,9395980,299223754.59,2731761530.52,2728524795.52,7898
2015-07-13,'000004,国农科技,29.57,29.57,28.95,29.3,26.88,2.69,10.0074,1.7942,1504932,44290853.28,2483190545.88,2480248330.88,1149
2015-07-10,'000004,国农科技,26.88,26.88,25.1,26.0,24.44,2.44,9.9836,3.014,2528092,66954407.96,2257293265.92,2254618705.92,1598
2015-07-09,'000004,国农科技,24.44,24.44,20.4,21.8,22.22,2.22,9.991,8.5491,7170751,169466374.95,2052390156.96,2049958376.96,4493
2015-07-08,'000004,国农科技,22.22,25.0,21.09,21.09,23.43,-1.21,-5.1643,20.0685,16832880,367337979.76,1865961918.48,1863751028.48,6413
2015-07-07,'000004,国农科技,23.43,24.5,23.43,23.43,26.03,-2.6,-9.9885,3.4881,2925700,68585886.0,1967573706.12,1965242421.12,1455
2015-07-06,'000004,国农科技,26.03,31.5,26.03,31.0,28.92,-2.89,-9.9931,6.1872,5189688,142137588.18,2185913084.52,2183323099.52,4867
2015-07-03,'000004,国农科技,28.92,30.7,28.92,28.93,32.13,-3.21,-9.9907,4.2124,3533252,103054348.58,2428605701.28,2425728161.28,2580
2015-07-02,'000004,国农科技,32.13,35.0,32.13,35.0,35.7,-3.57,-10.0,4.8397,4059413,132428322.42,2698170856.92,2694973921.92,4467
2015-07-01,'000004,国农科技,35.7,38.94,34.65,38.2,38.5,-2.8,-7.2727,5.1853,4349316,159955411.97,2997967618.8,2994415468.8,5313
2015-06-30,'000004,国农科技,38.5,40.12,33.84,33.84,37.6,0.9,2.3936,6.292,5277519,191882029.95,3233102334.0,3229271584.0,5282
2015-06-29,'000004,国农科技,37.6,38.1,31.33,35.1,34.81,2.79,8.0149,7.04,5904987,196547018.38,3157523318.4,3153782118.4,4119
2015-06-26,'000004,国农科技,34.81,38.8,34.81,37.25,38.68,-3.87,-10.0052,2.5805,2164469,77845174.5,2923228370.04,2919764775.04,2468
2015-06-25,'000004,国农科技,38.68,41.44,37.5,40.13,40.13,-1.45,-3.6133,3.1278,2623544,105237943.02,3248218137.12,3244369477.12,3667
2015-06-24,'000004,国农科技,40.13,40.95,37.99,37.99,39.68,0.45,1.1341,4.1773,3503838,139209193.66,3369984328.92,3365991393.92,3328
2015-06-23,'000004,国农科技,39.68,39.81,35.5,38.21,39.38,0.3,0.7618,4.3693,3664808,140037600.32,3332194821.12,3328246661.12,3303
2015-06-19,'000004,国农科技,39.38,42.74,38.98,41.99,43.27,-3.89,-8.9901,3.279,2750315,114130393.87,3307001815.92,3303083505.92,3370
2015-06-18,'000004,国农科技,43.27,45.96,43.01,44.7,44.9,-1.63,-3.6303,3.877,3251950,143943959.62,3633671116.68,3629365751.68,3620
2015-06-17,'000004,国农科技,44.9,45.02,39.01,42.66,42.6,2.3,5.3991,4.8984,4108666,174495012.05,3770553111.6,3766085561.6,4785
2015-06-16,'000004,国农科技,42.6,46.0,41.78,46.0,45.16,-2.56,-5.6687,5.5587,4662496,204177662.41,3577406738.4,3573168038.4,5660
2015-06-15,'000004,国农科技,45.16,47.55,45.1,47.5,47.25,-2.09,-4.4233,7.1267,5977686,275674161.46,3792387049.44,3787893629.44,6051
2015-06-12,'000004,国农科技,47.25,48.06,43.76,43.77,43.7,3.55,8.1236,6.2307,5226164,241434608.29,3967898319.0,3963196944.0,5778
2015-06-11,'000004,国农科技,43.7,44.44,40.65,40.65,41.18,2.52,6.1195,7.5644,6344837,270757592.73,3669781090.8,3665432940.8,6454
2015-06-10,'000004,国农科技,41.18,42.6,39.02,39.98,41.0,0.18,0.439,4.7148,3954649,163962710.46,3458159847.12,3454062437.12,4858
2015-06-09,'000004,国农科技,41.0,43.31,39.46,43.31,42.46,-1.46,-3.4385,8.493,7123669,294340915.76,3443044044.0,3438964544.0,7774
2015-06-08,'000004,国农科技,42.46,42.46,37.1,37.1,38.6,3.86,10.0,14.0934,11821142,486296687.44,3565650002.64,3561425232.64,8580
2015-06-05,'000004,国农科技,38.6,40.43,38.0,39.85,39.6,-1.0,-2.5253,6.4037,5371265,210854102.32,3241500002.4,3237659302.4,4711
2015-06-04,'000004,国农科技,39.6,40.78,36.9,40.5,41.0,-1.4,-3.4146,4.6504,3900628,152233560.6,3325476686.4,3321536486.4,4406
2015-06-03,'000004,国农科技,41.0,42.18,37.0,39.23,39.16,1.84,4.6987,7.1141,5967067,238715486.84,3443044044.0,3438964544.0,5854
2015-06-02,'000004,国农科技,39.16,39.19,35.92,36.2,36.15,3.01,8.3264,5.6589,4746523,178498350.32,3288526945.44,3284630525.44,4781
2015-06-01,'000004,国农科技,36.15,36.99,34.0,34.0,33.81,2.34,6.921,4.7211,3959923,141108013.59,3035757126.6,3032160201.6,3806
2015-05-29,'000004,国农科技,33.81,35.67,31.81,35.0,35.3,-1.49,-4.221,4.3358,3636724,124535099.91,2839251686.04,2835887591.04,3660
2015-05-28,'000004,国农科技,35.3,38.8,33.64,37.0,37.38,-2.08,-5.5645,5.4403,4563197,168156303.62,2964376945.2,2960864595.2,4980
2015-05-27,'000004,国农科技,37.38,37.8,35.16,36.15,36.15,1.23,3.4025,5.6259,4718841,170437950.73,3139048447.92,3135329137.92,4605
2015-05-26,'000004,国农科技,36.15,36.78,34.05,34.9,34.94,1.21,3.4631,4.1591,3488541,125668355.99,3035757126.6,3032160201.6,4188
2015-05-25,'000004,国农科技,34.94,35.1,33.58,34.3,34.5,0.44,1.2754,4.9983,4192471,144521677.93,2934145338.96,2930668808.96,4243
2015-05-22,'000004,国农科技,34.5,35.71,33.46,35.04,34.45,0.05,0.1451,4.113,3449905,118205526.62,2897195598.0,2893762848.0,4341
2015-05-21,'000004,国农科技,34.45,35.13,33.81,33.85,33.6,0.85,2.5298,3.7022,3105263,107343197.3,2892996763.8,2889568988.8,3538
2015-05-20,'000004,国农科技,33.6,36.0,32.48,34.24,34.2,-0.6,-1.7544,4.8036,4029143,141120754.54,2821616582.4,2818273382.4,4689
2015-05-19,'000004,国农科技,34.2,34.99,31.52,32.14,32.15,2.05,6.3764,4.8636,4079416,134606009.02,2872002592.8,2868599692.8,3924
2015-05-18,'000004,国农科技,32.15,34.0,31.05,31.49,31.79,0.36,1.1324,5.8774,4929761,161445017.31,2699850390.6,2696651465.6,5467
2015-05-15,'000004,国农科技,31.79,32.28,29.01,29.01,29.45,2.34,7.9457,6.5392,5484903,168418419.88,2669618784.36,2666455679.36,5393
2015-05-14,'000004,国农科技,29.45,30.0,28.05,28.38,28.4,1.05,3.6972,4.9791,4176308,120660809.7,2473113343.8,2470183068.8,3947
2015-05-13,'000004,国农科技,28.4,29.35,28.08,28.43,28.95,-0.55,-1.8998,4.4117,3700405,106128513.13,2384937825.6,2382112025.6,3852
2015-05-12,'000004,国农科技,28.95,29.5,26.25,28.0,28.12,0.83,2.9516,8.1158,6807338,190688298.78,2431125001.8,2428244476.8,6151
2015-05-11,'000004,国农科技,28.12,28.4,26.05,26.1,25.85,2.27,8.7814,8.8418,7416236,202815583.06,2361424354.08,2358626414.08,5931
2015-05-08,'000004,国农科技,25.85,25.85,24.63,24.63,24.5,1.35,5.5102,3.3838,2838246,71509309.3,2170797281.4,2168225206.4,2236
2015-05-07,'000004,国农科技,24.5,26.0,24.06,25.19,25.28,-0.78,-3.0854,2.8825,2417725,60272859.03,2057428758.0,2054991008.0,2244
2015-05-06,'000004,国农科技,25.28,25.84,24.85,24.86,24.86,0.42,1.6895,4.2069,3528663,89372954.47,2122930571.52,2120415211.52,2376
2015-05-05,'000004,国农科技,24.86,25.74,24.77,25.68,25.75,-0.89,-3.4563,2.6332,2208682,55694341.24,2087660364.24,2085186794.24,2067
2015-05-04,'000004,国农科技,25.75,26.09,25.13,25.33,25.33,0.42,1.6581,3.8954,3267392,84292038.4,2162399613.0,2159837488.0,2940
2015-04-30,'000004,国农科技,25.33,25.95,24.8,25.4,24.89,0.44,1.7678,4.5302,3799773,96058664.52,2127129405.72,2124609070.72,2923
2015-04-29,'000004,国农科技,24.89,25.0,24.07,24.3,24.29,0.6,2.4702,2.5883,2171009,53482349.65,2090179664.76,2087703109.76,2068
2015-04-28,'000004,国农科技,24.29,25.85,23.5,25.75,25.75,-1.46,-5.6699,3.1785,2666001,66246026.02,2039793654.36,2037376799.36,3072
2015-04-27,'000004,国农科技,25.75,26.6,25.61,26.35,26.24,-0.49,-1.8674,5.3903,4521235,117005114.37,2162399613.0,2159837488.0,4470
2015-04-24,'000004,国农科技,26.24,26.68,25.1,25.4,25.67,0.57,2.2205,7.1668,6011328,156773197.69,2203548188.16,2200937308.16,6352
2015-04-23,'000004,国农科技,25.67,25.67,24.91,25.1,24.93,0.74,2.9683,4.7937,4020847,101326568.76,2155681478.28,2153127313.28,3754
2015-04-22,'000004,国农科技,24.93,25.38,24.5,24.7,24.46,0.47,1.9215,3.745,3141184,78624505.58,2093538732.12,2091058197.12,3225
2015-04-21,'000004,国农科技,24.46,24.51,23.61,23.7,23.74,0.72,3.0329,2.3013,1930302,46748231.85,2054069690.64,2051635920.64,1821
2015-04-20,'000004,国农科技,23.74,25.0,23.0,24.71,25.11,-1.37,-5.456,3.7201,3120349,76308834.7,1993606478.16,1991244348.16,3201
2015-04-17,'000004,国农科技,25.11,25.99,24.98,25.08,25.1,0.01,0.0398,3.3749,2830780,71580581.81,2108654535.24,2106156090.24,3047
2015-04-16,'000004,国农科技,25.1,25.48,24.0,25.01,25.12,-0.02,-0.0796,3.3051,2772226,68666911.66,2107814768.4,2105317318.4,2553
2015-04-15,'000004,国农科技,25.12,25.6,24.62,25.6,26.26,-1.14,-4.3412,3.8593,3237057,81589694.42,2109494302.08,2106994862.08,3543
2015-04-14,'000004,国农科技,26.26,28.87,25.9,28.87,26.84,-0.58,-2.161,5.4593,4579134,125227672.53,2205227721.84,2202614851.84,4831
2015-04-13,'000004,国农科技,26.84,27.0,24.95,25.19,24.94,1.9,7.6183,6.0612,5083925,133665077.64,2253934198.56,2251263618.56,4264
2015-04-10,'000004,国农科技,24.94,25.1,24.1,24.5,24.61,0.33,1.3409,2.5315,2123357,52724198.52,2094378498.96,2091896968.96,2114
2015-04-09,'000004,国农科技,24.61,25.34,23.55,25.28,25.27,-0.66,-2.6118,3.4461,2890523,70258850.95,2066666193.24,2064217498.24,3211
2015-04-08,'000004,国农科技,25.27,26.01,24.85,25.97,25.96,-0.69,-2.6579,5.1171,4292050,109088309.53,2122090804.68,2119576439.68,3773
2015-04-07,'000004,国农科技,25.96,26.49,25.45,25.86,25.86,0.1,0.3867,3.9028,3273564,84912385.46,2180034716.64,2177451696.64,3341
2015-04-03,'000004,国农科技,25.86,26.5,25.1,25.59,25.84,0.02,0.0774,4.2049,3526988,90236995.32,2171637048.24,2169063978.24,3462
2015-04-02,'000004,国农科技,25.84,26.57,24.68,25.2,25.2,0.64,2.5397,5.0926,4271532,108181410.33,2169957514.56,2167386434.56,4744
2015-04-01,'000004,国农科技,25.2,25.49,23.53,23.9,23.98,1.22,5.0876,6.5937,5530572,136669077.23,2116212436.8,2113705036.8,4708
2015-03-31,'000004,国农科技,23.98,24.2,23.1,23.61,23.6,0.38,1.6102,4.5842,3845056,91309138.39,2013760882.32,2011374872.32,3960
2015-03-30,'000004,国农科技,23.6,24.08,23.35,23.8,24.1,-0.5,-2.0747,3.8199,3204049,75678525.78,1981849742.4,1979501542.4,3707
2015-03-27,'000004,国农科技,24.1,24.14,22.0,23.36,23.13,0.97,4.1937,6.7788,5685888,130583882.1,2023838084.4,2021440134.4,5042
2015-03-26,'000004,国农科技,23.13,25.0,23.1,23.95,23.95,-0.82,-3.4238,8.1096,6802088,162417176.76,1942380700.92,1940079265.92,6475
2015-03-25,'000004,国农科技,23.95,23.95,21.45,21.59,21.77,2.18,10.0138,13.3908,11231861,258787633.64,2011241581.8,2008858556.8,6380
2015-03-24,'000004,国农科技,21.77,21.9,20.0,21.66,21.74,0.03,0.138,6.7544,5665435,121554001.5,1828172410.68,1826006295.68,4549
2015-03-23,'000004,国农科技,21.74,21.97,21.15,21.31,21.31,0.43,2.0178,4.0294,3379766,73240264.02,1825653110.16,1823489980.16,3357
2015-03-20,'000004,国农科技,21.31,21.5,21.01,21.09,21.15,0.16,0.7565,3.3524,2811864,59884948.32,1789543136.04,1787422791.04,2648
2015-03-19,'000004,国农科技,21.15,21.42,20.85,21.42,21.42,-0.27,-1.2605,2.7064,2270093,47975173.99,1776106866.6,1774002441.6,2527
2015-03-18,'000004,国农科技,21.42,21.65,21.02,21.39,21.58,-0.16,-0.7414,3.8215,3205359,68319804.91,1798780571.28,1796649281.28,3282
2015-03-17,'000004,国农科技,21.58,21.59,20.38,20.7,20.69,0.89,4.3016,6.292,5277520,111217570.1,1812216840.72,1810069630.72,4982
2015-03-16,'000004,国农科技,20.69,20.95,19.36,19.37,19.37,1.32,6.8147,5.5244,4633678,93881369.87,1737477591.96,1735418936.96,4823
2015-03-13,'000004,国农科技,19.37,19.37,19.05,19.3,19.17,0.2,1.0433,2.8326,2375890,45689121.06,1626628369.08,1624701054.08,1889
2015-03-12,'000004,国农科技,19.17,19.58,19.0,19.01,19.38,-0.21,-1.0836,2.9734,2493995,48191193.7,1609833032.28,1607925617.28,2123
2015-03-11,'000004,国农科技,19.38,19.44,19.21,19.37,19.31,0.07,0.3625,2.4028,2015387,38964125.87,1627468135.92,1625539825.92,1824
2015-03-10,'000004,国农科技,19.31,19.35,18.84,19.0,19.07,0.24,1.2585,2.7325,2291955,44004102.85,1621589768.04,1619668423.04,2707
2015-03-09,'000004,国农科技,19.07,19.09,18.31,18.76,18.75,0.32,1.7067,3.4695,2910092,54402599.45,1601435363.88,1599537898.88,3463
2015-03-06,'000004,国农科技,18.75,19.29,18.65,19.23,19.23,-0.48,-2.4961,3.1293,2624740,49567935.68,1574562825.0,1572697200.0,3681
2015-03-05,'000004,国农科技,19.23,19.69,19.06,19.6,19.65,-0.42,-2.1374,3.2433,2720352,52640034.38,1614871633.32,1612958248.32,3428
2015-03-04,'000004,国农科技,19.65,19.65,19.16,19.18,19.18,0.47,2.4505,3.3859,2840017,55131217.23,1650141840.6,1648186665.6,3751
2015-03-03,'000004,国农科技,19.18,19.49,19.04,19.49,19.5,-0.32,-1.641,2.5225,2115796,40727997.15,1610672799.12,1608764389.12,2372
2015-03-02,'000004,国农科技,19.5,19.56,18.55,18.72,18.72,0.78,4.1667,4.1892,3513797,67187697.87,1637545338.0,1635605088.0,3225
2015-02-27,'000004,国农科技,18.72,18.8,18.32,18.4,18.38,0.34,1.8498,2.6347,2209888,40879417.37,1572043524.48,1570180884.48,2376
2015-02-26,'000004,国农科技,18.38,18.63,18.24,18.26,18.25,0.13,0.7123,2.4016,2014359,37091334.14,1543491451.92,1541662641.92,2148
2015-02-25,'000004,国农科技,18.25,18.36,17.8,17.99,17.97,0.28,1.5582,2.9346,2461427,44694997.64,1532574483.0,1530758608.0,1737
2015-02-17,'000004,国农科技,17.97,18.27,17.85,18.27,18.03,-0.06,-0.3328,2.3015,1930415,34845820.58,1509061011.48,1507272996.48,1421
2015-02-16,'000004,国农科技,18.03,18.13,17.8,17.86,17.81,0.22,1.2353,1.7181,1441060,25975915.44,1514099612.52,1512305627.52,1536
2015-02-13,'000004,国农科技,17.81,17.95,17.63,17.69,17.66,0.15,0.8494,1.9474,1633422,29062254.24,1495624742.04,1493852647.04,1505
2015-02-12,'000004,国农科技,17.66,17.72,17.22,17.22,17.32,0.34,1.963,1.3893,1165268,20440894.12,1483028239.44,1481271069.44,1032
2015-02-11,'000004,国农科技,17.32,17.6,17.15,17.23,17.25,0.07,0.4058,0.9625,807280,14028191.99,1454476166.88,1452752826.88,847
2015-02-10,'000004,国农科技,17.25,17.25,16.78,16.83,16.87,0.38,2.2525,0.7449,624781,10578352.25,1448597799.0,1446881424.0,751
2015-02-09,'000004,国农科技,16.87,17.16,16.72,17.16,17.18,-0.31,-1.8044,1.0821,907649,15364853.36,1416686659.08,1415008094.08,1071
2015-02-06,'000004,国农科技,17.18,17.85,17.16,17.65,17.81,-0.63,-3.5373,1.4152,1187056,20747743.52,1442719431.12,1441010021.12,1350
2015-02-05,'000004,国农科技,17.81,18.1,17.69,17.69,17.67,0.14,0.7923,2.6519,2224305,39803744.66,1495624742.04,1493852647.04,2389
2015-02-04,'000004,国农科技,17.67,17.8,17.4,17.5,17.4,0.27,1.5517,1.9952,1673532,29441405.68,1483868006.28,1482109841.28,1828
2015-02-03,'000004,国农科技,17.4,17.49,17.1,17.15,17.15,0.25,1.4577,1.5239,1278232,22118467.63,1461194301.6,1459463001.6,1331
2015-02-02,'000004,国农科技,17.15,17.54,16.99,17.0,17.35,-0.2,-1.1527,1.967,1649889,28562063.7,1440200130.6,1438493705.6,1560
2015-01-30,'000004,国农科技,17.35,17.75,17.18,17.66,17.69,-0.34,-1.922,2.3115,1938859,33733011.78,1456995467.4,1455269142.4,1913
2015-01-29,'000004,国农科技,17.69,17.86,17.46,17.76,17.82,-0.13,-0.7295,2.5803,2164303,38178791.44,1485547539.96,1483787384.96,2194
2015-01-28,'000004,国农科技,17.82,17.84,17.28,17.52,17.4,0.42,2.4138,5.7474,4820778,85085683.02,1496464508.88,1494691418.88,3719
2015-01-27,'000004,国农科技,17.4,17.59,17.1,17.59,17.34,0.06,0.346,2.8862,2420903,42018988.15,1461194301.6,1459463001.6,2324
2015-01-26,'000004,国农科技,17.34,17.57,17.02,17.14,17.16,0.18,1.049,2.6291,2205209,38170563.29,1456155700.56,1454430370.56,2151
2015-01-23,'000004,国农科技,17.16,17.38,17.07,17.31,17.28,-0.12,-0.6944,2.25,1887268,32396759.49,1441039897.44,1439332477.44,1913
2015-01-22,'000004,国农科技,17.28,17.38,17.05,17.25,17.2,0.08,0.4651,3.1778,2665477,45838594.11,1451117099.52,1449397739.52,2618
2015-01-21,'000004,国农科技,17.2,17.3,16.69,16.75,16.69,0.51,3.0557,4.9415,4144804,71085236.84,1444398964.8,1442687564.8,4320
2015-01-20,'000004,国农科技,16.69,16.72,15.85,15.85,15.85,0.84,5.2997,3.8537,3232345,52867386.24,1401570855.96,1399910200.96,2811
2015-01-19,'000004,国农科技,15.85,16.29,15.63,16.06,16.14,-0.29,-1.7968,2.6159,2194173,35064657.66,1331030441.4,1329453366.4,1992
2015-01-16,'000004,国农科技,16.14,16.18,16.02,16.11,16.1,0.04,0.2484,1.9724,1654418,26635107.48,1355383679.76,1353777749.76,1306
2015-01-15,'000004,国农科技,16.1,16.34,15.95,16.0,16.13,-0.03,-0.186,1.9115,1603350,25913640.58,1352024612.4,1350422662.4,1259
2015-01-14,'000004,国农科技,16.13,16.42,16.1,16.24,16.25,-0.12,-0.7385,1.5812,1326277,21546407.31,1354543912.92,1352938977.92,1193
2015-01-13,'000004,国农科技,16.25,16.27,15.7,15.75,15.9,0.35,2.2013,3.0737,2578108,41352760.42,1364621115.0,1363004240.0,1679
2015-01-12,'000004,国农科技,15.9,16.3,15.76,16.3,16.43,-0.53,-3.2258,1.9728,1654717,26451677.0,1335229275.6,1333647225.6,1538
2015-01-09,'000004,国农科技,16.43,16.95,16.26,16.92,16.92,-0.49,-2.896,3.2369,2715044,44894158.25,1379736918.12,1378102133.12,2425
2015-01-08,'000004,国农科技,16.92,17.03,16.24,16.41,16.41,0.51,3.1079,4.3456,3645003,61074528.43,1420885493.28,1419201953.28,3441
2015-01-07,'000004,国农科技,16.41,16.54,16.11,16.45,16.46,-0.05,-0.3038,2.4724,2073761,33752404.94,1378057384.44,1376424589.44,2048
2015-01-06,'000004,国农科技,16.46,16.56,15.5,15.65,15.69,0.77,4.9076,3.9795,3337859,53863311.46,1382256218.64,1380618448.64,3129
2015-01-05,'000004,国农科技,15.69,15.9,15.3,15.58,15.57,0.12,0.7707,3.3496,2809512,43746563.2,1317594171.96,1316033016.96,2653
